# rank
2
# size
112
32
# lbound
1
1
# entries
0.0000000000000000
0.0000000000000000
0.0000000000000000
0.0000000000000000
0.0000000000000000
0.0000000000000000
0.0000000000000000
0.0000000000000000
0.0000000000000000
0.0000000000000000
0.0000000000000000
0.0000000000000000
0.0000000000000000
0.0000000000000000
0.0000000000000000
0.0000000000000000
0.0000000000000000
0.0000000000000000
0.0000000000000000
0.0000000000000000
0.0000000000000000
0.0000000000000000
0.0000000000000000
0.0000000000000000
0.0000000000000000
0.0000000000000000
0.0000000000000000
0.0000000000000000
0.0000000000000000
0.0000000000000000
0.0000000000000000
0.0000000000000000
0.0000000000000000
0.0000000000000000
0.0000000000000000
0.0000000000000000
0.0000000000000000
0.0000000000000000
0.0000000000000000
0.0000000000000000
0.0000000000000000
0.0000000000000000
0.0000000000000000
0.0000000000000000
0.0000000000000000
0.0000000000000000
0.0000000000000000
0.0000000000000000
0.0000000000000000
0.0000000000000000
0.0000000000000000
0.0000000000000000
0.0000000000000000
0.0000000000000000
0.0000000000000000
0.0000000000000000
0.0000000000000000
0.0000000000000000
0.0000000000000000
0.0000000000000000
0.0000000000000000
0.0000000000000000
0.0000000000000000
0.0000000000000000
0.0000000000000000
0.0000000000000000
0.0000000000000000
0.0000000000000000
0.0000000000000000
0.0000000000000000
0.0000000000000000
0.0000000000000000
0.0000000000000000
0.0000000000000000
0.0000000000000000
0.0000000000000000
0.0000000000000000
0.0000000000000000
0.0000000000000000
0.0000000000000000
0.0000000000000000
0.0000000000000000
0.0000000000000000
0.0000000000000000
0.0000000000000000
0.0000000000000000
0.0000000000000000
0.0000000000000000
0.0000000000000000
0.0000000000000000
0.0000000000000000
0.0000000000000000
0.0000000000000000
0.0000000000000000
0.0000000000000000
0.0000000000000000
0.0000000000000000
0.0000000000000000
0.0000000000000000
0.0000000000000000
0.0000000000000000
0.0000000000000000
0.0000000000000000
0.0000000000000000
0.0000000000000000
0.0000000000000000
0.0000000000000000
0.0000000000000000
0.0000000000000000
0.0000000000000000
0.0000000000000000
0.0000000000000000
0.0000000000000000
0.0000000000000000
0.0000000000000000
0.0000000000000000
0.0000000000000000
0.0000000000000000
0.0000000000000000
0.0000000000000000
0.0000000000000000
0.0000000000000000
0.0000000000000000
0.0000000000000000
0.0000000000000000
0.0000000000000000
0.0000000000000000
0.0000000000000000
0.0000000000000000
0.0000000000000000
0.0000000000000000
0.0000000000000000
0.0000000000000000
0.0000000000000000
0.0000000000000000
0.0000000000000000
0.0000000000000000
0.0000000000000000
0.0000000000000000
0.0000000000000000
0.0000000000000000
0.0000000000000000
0.0000000000000000
0.0000000000000000
0.0000000000000000
0.0000000000000000
0.0000000000000000
0.0000000000000000
0.0000000000000000
0.0000000000000000
0.0000000000000000
0.0000000000000000
0.0000000000000000
0.0000000000000000
0.0000000000000000
0.0000000000000000
0.0000000000000000
0.0000000000000000
0.0000000000000000
0.0000000000000000
0.0000000000000000
0.0000000000000000
0.0000000000000000
0.0000000000000000
0.0000000000000000
0.0000000000000000
0.0000000000000000
0.0000000000000000
0.0000000000000000
0.0000000000000000
0.0000000000000000
0.0000000000000000
0.0000000000000000
0.0000000000000000
0.0000000000000000
0.0000000000000000
0.0000000000000000
0.0000000000000000
0.0000000000000000
0.0000000000000000
0.0000000000000000
0.0000000000000000
0.0000000000000000
0.0000000000000000
0.0000000000000000
0.0000000000000000
0.0000000000000000
0.0000000000000000
0.0000000000000000
0.0000000000000000
0.0000000000000000
0.0000000000000000
0.0000000000000000
0.0000000000000000
0.0000000000000000
0.0000000000000000
0.0000000000000000
0.0000000000000000
0.0000000000000000
0.0000000000000000
0.0000000000000000
0.0000000000000000
0.0000000000000000
0.0000000000000000
0.0000000000000000
0.0000000000000000
0.0000000000000000
0.0000000000000000
0.0000000000000000
0.0000000000000000
0.0000000000000000
0.0000000000000000
0.0000000000000000
0.0000000000000000
0.0000000000000000
0.0000000000000000
0.0000000000000000
0.0000000000000000
0.0000000000000000
0.0000000000000000
0.0000000000000000
0.0000000000000000
0.0000000000000000
0.0000000000000000
0.0000000000000000
0.0000000000000000
0.0000000000000000
0.0000000000000000
0.0000000000000000
0.0000000000000000
0.0000000000000000
0.0000000000000000
0.0000000000000000
0.0000000000000000
0.0000000000000000
0.0000000000000000
0.0000000000000000
0.0000000000000000
0.0000000000000000
0.0000000000000000
0.0000000000000000
0.0000000000000000
0.0000000000000000
0.0000000000000000
0.0000000000000000
0.0000000000000000
0.0000000000000000
0.0000000000000000
0.0000000000000000
0.0000000000000000
0.0000000000000000
0.0000000000000000
0.0000000000000000
0.0000000000000000
0.0000000000000000
0.0000000000000000
0.0000000000000000
0.0000000000000000
0.0000000000000000
0.0000000000000000
0.0000000000000000
0.0000000000000000
0.0000000000000000
0.0000000000000000
0.0000000000000000
0.0000000000000000
0.0000000000000000
0.0000000000000000
0.0000000000000000
0.0000000000000000
0.0000000000000000
0.0000000000000000
0.0000000000000000
0.0000000000000000
0.0000000000000000
0.0000000000000000
0.0000000000000000
0.0000000000000000
0.0000000000000000
0.0000000000000000
0.0000000000000000
0.0000000000000000
0.0000000000000000
0.0000000000000000
0.0000000000000000
0.0000000000000000
0.0000000000000000
0.0000000000000000
0.0000000000000000
0.0000000000000000
0.0000000000000000
0.0000000000000000
0.0000000000000000
0.0000000000000000
0.0000000000000000
0.0000000000000000
0.0000000000000000
0.0000000000000000
0.0000000000000000
0.0000000000000000
0.0000000000000000
0.0000000000000000
0.0000000000000000
0.0000000000000000
0.0000000000000000
0.0000000000000000
0.0000000000000000
0.0000000000000000
0.0000000000000000
0.0000000000000000
0.0000000000000000
0.0000000000000000
0.0000000000000000
0.0000000000000000
0.0000000000000000
0.0000000000000000
0.0000000000000000
0.0000000000000000
0.0000000000000000
0.0000000000000000
0.0000000000000000
0.0000000000000000
0.0000000000000000
0.0000000000000000
0.0000000000000000
0.0000000000000000
0.0000000000000000
0.0000000000000000
0.0000000000000000
0.0000000000000000
0.0000000000000000
0.0000000000000000
0.0000000000000000
0.0000000000000000
0.0000000000000000
0.0000000000000000
0.0000000000000000
0.0000000000000000
0.0000000000000000
0.0000000000000000
0.0000000000000000
0.0000000000000000
0.0000000000000000
0.0000000000000000
0.0000000000000000
0.0000000000000000
0.0000000000000000
0.0000000000000000
0.0000000000000000
0.0000000000000000
0.0000000000000000
0.0000000000000000
0.0000000000000000
0.0000000000000000
0.0000000000000000
0.0000000000000000
0.0000000000000000
0.0000000000000000
0.0000000000000000
0.0000000000000000
0.0000000000000000
0.0000000000000000
0.0000000000000000
0.0000000000000000
0.0000000000000000
0.0000000000000000
0.0000000000000000
0.0000000000000000
0.0000000000000000
0.0000000000000000
0.0000000000000000
0.0000000000000000
0.0000000000000000
0.0000000000000000
0.0000000000000000
0.0000000000000000
0.0000000000000000
0.0000000000000000
0.0000000000000000
0.0000000000000000
0.0000000000000000
0.0000000000000000
0.0000000000000000
0.0000000000000000
0.0000000000000000
0.0000000000000000
0.0000000000000000
0.0000000000000000
0.0000000000000000
0.0000000000000000
0.0000000000000000
0.0000000000000000
0.0000000000000000
0.0000000000000000
0.0000000000000000
0.0000000000000000
0.0000000000000000
0.0000000000000000
0.0000000000000000
0.0000000000000000
0.0000000000000000
0.0000000000000000
0.0000000000000000
0.0000000000000000
0.0000000000000000
0.0000000000000000
0.0000000000000000
0.0000000000000000
0.0000000000000000
0.0000000000000000
0.0000000000000000
0.0000000000000000
0.0000000000000000
0.0000000000000000
0.0000000000000000
0.0000000000000000
0.0000000000000000
0.0000000000000000
0.0000000000000000
0.0000000000000000
0.0000000000000000
0.0000000000000000
0.0000000000000000
0.0000000000000000
0.0000000000000000
0.0000000000000000
0.0000000000000000
0.0000000000000000
0.0000000000000000
0.0000000000000000
0.0000000000000000
0.0000000000000000
0.0000000000000000
0.0000000000000000
0.0000000000000000
0.0000000000000000
0.0000000000000000
0.0000000000000000
0.0000000000000000
0.0000000000000000
0.0000000000000000
0.0000000000000000
0.0000000000000000
0.0000000000000000
0.0000000000000000
0.0000000000000000
0.0000000000000000
0.0000000000000000
0.0000000000000000
0.0000000000000000
0.0000000000000000
0.0000000000000000
0.0000000000000000
0.0000000000000000
0.0000000000000000
0.0000000000000000
0.0000000000000000
0.0000000000000000
0.0000000000000000
0.0000000000000000
0.0000000000000000
0.0000000000000000
0.0000000000000000
0.0000000000000000
0.0000000000000000
0.0000000000000000
0.0000000000000000
0.0000000000000000
0.0000000000000000
0.0000000000000000
0.0000000000000000
0.0000000000000000
0.0000000000000000
0.0000000000000000
0.0000000000000000
0.0000000000000000
0.0000000000000000
0.0000000000000000
0.0000000000000000
0.0000000000000000
0.0000000000000000
0.0000000000000000
0.0000000000000000
0.0000000000000000
0.0000000000000000
0.0000000000000000
0.0000000000000000
0.0000000000000000
0.0000000000000000
0.0000000000000000
0.0000000000000000
0.0000000000000000
0.0000000000000000
0.0000000000000000
0.0000000000000000
0.0000000000000000
0.0000000000000000
0.0000000000000000
0.0000000000000000
0.0000000000000000
0.0000000000000000
0.0000000000000000
0.0000000000000000
0.0000000000000000
0.0000000000000000
0.0000000000000000
0.0000000000000000
0.0000000000000000
0.0000000000000000
0.0000000000000000
0.0000000000000000
0.0000000000000000
0.0000000000000000
0.0000000000000000
0.0000000000000000
0.0000000000000000
0.0000000000000000
0.0000000000000000
0.0000000000000000
0.0000000000000000
0.0000000000000000
0.0000000000000000
0.0000000000000000
0.0000000000000000
0.0000000000000000
0.0000000000000000
0.0000000000000000
0.0000000000000000
0.0000000000000000
0.0000000000000000
0.0000000000000000
0.0000000000000000
0.0000000000000000
0.0000000000000000
0.0000000000000000
0.0000000000000000
0.0000000000000000
0.0000000000000000
0.0000000000000000
0.0000000000000000
0.0000000000000000
0.0000000000000000
0.0000000000000000
0.0000000000000000
0.0000000000000000
0.0000000000000000
0.0000000000000000
0.0000000000000000
0.0000000000000000
0.0000000000000000
0.0000000000000000
0.0000000000000000
0.0000000000000000
0.0000000000000000
0.0000000000000000
0.0000000000000000
0.0000000000000000
0.0000000000000000
0.0000000000000000
0.0000000000000000
0.0000000000000000
0.0000000000000000
0.0000000000000000
0.0000000000000000
0.0000000000000000
0.0000000000000000
0.0000000000000000
0.0000000000000000
0.0000000000000000
0.0000000000000000
0.0000000000000000
0.0000000000000000
0.0000000000000000
0.0000000000000000
0.0000000000000000
0.0000000000000000
0.0000000000000000
0.0000000000000000
0.0000000000000000
0.0000000000000000
0.0000000000000000
0.0000000000000000
0.0000000000000000
0.0000000000000000
0.0000000000000000
0.0000000000000000
0.0000000000000000
0.0000000000000000
0.0000000000000000
0.0000000000000000
0.0000000000000000
0.0000000000000000
0.0000000000000000
0.0000000000000000
0.0000000000000000
0.0000000000000000
0.0000000000000000
0.0000000000000000
0.0000000000000000
0.0000000000000000
0.0000000000000000
0.0000000000000000
0.0000000000000000
0.0000000000000000
0.0000000000000000
0.0000000000000000
0.0000000000000000
0.0000000000000000
0.0000000000000000
0.0000000000000000
0.0000000000000000
0.0000000000000000
0.0000000000000000
0.0000000000000000
0.0000000000000000
0.0000000000000000
0.0000000000000000
0.0000000000000000
0.0000000000000000
0.0000000000000000
0.0000000000000000
0.0000000000000000
0.0000000000000000
0.0000000000000000
0.0000000000000000
0.0000000000000000
0.0000000000000000
0.0000000000000000
0.0000000000000000
0.0000000000000000
0.0000000000000000
0.0000000000000000
0.0000000000000000
0.0000000000000000
0.0000000000000000
0.0000000000000000
0.0000000000000000
0.0000000000000000
0.0000000000000000
0.0000000000000000
0.0000000000000000
0.0000000000000000
0.0000000000000000
0.0000000000000000
0.0000000000000000
0.0000000000000000
0.0000000000000000
0.0000000000000000
0.0000000000000000
0.0000000000000000
0.0000000000000000
0.0000000000000000
0.0000000000000000
0.0000000000000000
0.0000000000000000
0.0000000000000000
0.0000000000000000
0.0000000000000000
0.0000000000000000
0.0000000000000000
0.0000000000000000
0.0000000000000000
0.0000000000000000
0.0000000000000000
0.0000000000000000
0.0000000000000000
0.0000000000000000
0.0000000000000000
0.0000000000000000
0.0000000000000000
0.0000000000000000
0.0000000000000000
0.0000000000000000
0.0000000000000000
0.0000000000000000
0.0000000000000000
0.0000000000000000
0.0000000000000000
0.0000000000000000
0.0000000000000000
0.0000000000000000
0.0000000000000000
0.0000000000000000
0.0000000000000000
0.0000000000000000
0.0000000000000000
0.0000000000000000
0.0000000000000000
0.0000000000000000
0.0000000000000000
0.0000000000000000
0.0000000000000000
0.0000000000000000
0.0000000000000000
0.0000000000000000
0.0000000000000000
0.0000000000000000
0.0000000000000000
0.0000000000000000
0.0000000000000000
0.0000000000000000
0.0000000000000000
0.0000000000000000
0.0000000000000000
0.0000000000000000
0.0000000000000000
0.0000000000000000
0.0000000000000000
0.0000000000000000
0.0000000000000000
0.0000000000000000
0.0000000000000000
0.0000000000000000
0.0000000000000000
0.0000000000000000
0.0000000000000000
0.0000000000000000
0.0000000000000000
0.0000000000000000
0.0000000000000000
0.0000000000000000
0.0000000000000000
0.0000000000000000
0.0000000000000000
0.0000000000000000
0.0000000000000000
0.0000000000000000
0.0000000000000000
0.0000000000000000
0.0000000000000000
0.0000000000000000
0.0000000000000000
0.0000000000000000
0.0000000000000000
0.0000000000000000
0.0000000000000000
0.0000000000000000
0.0000000000000000
0.0000000000000000
0.0000000000000000
0.0000000000000000
0.0000000000000000
0.0000000000000000
0.0000000000000000
0.0000000000000000
0.0000000000000000
0.0000000000000000
0.0000000000000000
0.0000000000000000
0.0000000000000000
0.0000000000000000
0.0000000000000000
0.0000000000000000
0.0000000000000000
0.0000000000000000
0.0000000000000000
0.0000000000000000
0.0000000000000000
0.0000000000000000
0.0000000000000000
0.0000000000000000
0.0000000000000000
0.0000000000000000
0.0000000000000000
0.0000000000000000
0.0000000000000000
0.0000000000000000
0.0000000000000000
0.0000000000000000
0.0000000000000000
0.0000000000000000
0.0000000000000000
0.0000000000000000
0.0000000000000000
0.0000000000000000
0.0000000000000000
0.0000000000000000
0.0000000000000000
0.0000000000000000
0.0000000000000000
0.0000000000000000
0.0000000000000000
0.0000000000000000
0.0000000000000000
0.0000000000000000
0.0000000000000000
0.0000000000000000
0.0000000000000000
0.0000000000000000
0.0000000000000000
0.0000000000000000
0.0000000000000000
0.0000000000000000
0.0000000000000000
0.0000000000000000
0.0000000000000000
0.0000000000000000
0.0000000000000000
0.0000000000000000
0.0000000000000000
0.0000000000000000
0.0000000000000000
0.0000000000000000
0.0000000000000000
0.0000000000000000
0.0000000000000000
0.0000000000000000
0.0000000000000000
0.0000000000000000
0.0000000000000000
0.0000000000000000
0.0000000000000000
0.0000000000000000
0.0000000000000000
0.0000000000000000
0.0000000000000000
0.0000000000000000
0.0000000000000000
0.0000000000000000
0.0000000000000000
0.0000000000000000
0.0000000000000000
0.0000000000000000
0.0000000000000000
0.0000000000000000
0.0000000000000000
0.0000000000000000
0.0000000000000000
0.0000000000000000
0.0000000000000000
0.0000000000000000
0.0000000000000000
0.0000000000000000
0.0000000000000000
0.0000000000000000
0.0000000000000000
0.0000000000000000
0.0000000000000000
0.0000000000000000
0.0000000000000000
0.0000000000000000
0.0000000000000000
0.0000000000000000
0.0000000000000000
0.0000000000000000
0.0000000000000000
0.0000000000000000
0.0000000000000000
0.0000000000000000
0.0000000000000000
0.0000000000000000
0.0000000000000000
0.0000000000000000
0.0000000000000000
0.0000000000000000
0.0000000000000000
0.0000000000000000
0.0000000000000000
0.0000000000000000
0.0000000000000000
0.0000000000000000
0.0000000000000000
0.0000000000000000
0.0000000000000000
0.0000000000000000
0.0000000000000000
0.0000000000000000
0.0000000000000000
0.0000000000000000
0.0000000000000000
0.0000000000000000
0.0000000000000000
0.0000000000000000
0.0000000000000000
0.0000000000000000
0.0000000000000000
0.0000000000000000
0.0000000000000000
0.0000000000000000
0.0000000000000000
0.0000000000000000
0.0000000000000000
0.0000000000000000
0.0000000000000000
0.0000000000000000
0.0000000000000000
0.0000000000000000
0.0000000000000000
0.0000000000000000
0.0000000000000000
0.0000000000000000
0.0000000000000000
0.0000000000000000
0.0000000000000000
0.0000000000000000
0.0000000000000000
0.0000000000000000
0.0000000000000000
0.0000000000000000
0.0000000000000000
0.0000000000000000
0.0000000000000000
0.0000000000000000
0.0000000000000000
0.0000000000000000
0.0000000000000000
0.0000000000000000
0.0000000000000000
0.0000000000000000
0.0000000000000000
0.0000000000000000
0.0000000000000000
0.0000000000000000
0.0000000000000000
0.0000000000000000
0.0000000000000000
0.0000000000000000
0.0000000000000000
0.0000000000000000
0.0000000000000000
0.0000000000000000
0.0000000000000000
0.0000000000000000
0.0000000000000000
0.0000000000000000
0.0000000000000000
0.0000000000000000
0.0000000000000000
0.0000000000000000
0.0000000000000000
0.0000000000000000
0.0000000000000000
0.0000000000000000
0.0000000000000000
0.0000000000000000
0.0000000000000000
0.0000000000000000
0.0000000000000000
0.0000000000000000
0.0000000000000000
0.0000000000000000
0.0000000000000000
0.0000000000000000
0.0000000000000000
0.0000000000000000
0.0000000000000000
0.0000000000000000
0.0000000000000000
0.0000000000000000
0.0000000000000000
0.0000000000000000
0.0000000000000000
0.0000000000000000
0.0000000000000000
0.0000000000000000
0.0000000000000000
0.0000000000000000
0.0000000000000000
0.0000000000000000
0.0000000000000000
0.0000000000000000
0.0000000000000000
0.0000000000000000
0.0000000000000000
0.0000000000000000
0.0000000000000000
0.0000000000000000
0.0000000000000000
0.0000000000000000
0.0000000000000000
0.0000000000000000
0.0000000000000000
0.0000000000000000
0.0000000000000000
0.0000000000000000
0.0000000000000000
0.0000000000000000
0.0000000000000000
0.0000000000000000
0.0000000000000000
0.0000000000000000
0.0000000000000000
0.0000000000000000
0.0000000000000000
0.0000000000000000
0.0000000000000000
0.0000000000000000
0.0000000000000000
0.0000000000000000
0.0000000000000000
0.0000000000000000
0.0000000000000000
0.0000000000000000
0.0000000000000000
0.0000000000000000
0.0000000000000000
0.0000000000000000
0.0000000000000000
0.0000000000000000
0.0000000000000000
0.0000000000000000
0.0000000000000000
0.0000000000000000
0.0000000000000000
0.0000000000000000
0.0000000000000000
0.0000000000000000
0.0000000000000000
0.0000000000000000
0.0000000000000000
0.0000000000000000
0.0000000000000000
0.0000000000000000
0.0000000000000000
0.0000000000000000
0.0000000000000000
0.0000000000000000
0.0000000000000000
0.0000000000000000
0.0000000000000000
0.0000000000000000
0.0000000000000000
0.0000000000000000
0.0000000000000000
0.0000000000000000
0.0000000000000000
0.0000000000000000
0.0000000000000000
0.0000000000000000
0.0000000000000000
0.0000000000000000
0.0000000000000000
0.0000000000000000
0.0000000000000000
0.0000000000000000
0.0000000000000000
0.0000000000000000
0.0000000000000000
0.0000000000000000
0.0000000000000000
0.0000000000000000
0.0000000000000000
0.0000000000000000
0.0000000000000000
0.0000000000000000
0.0000000000000000
0.0000000000000000
0.0000000000000000
0.0000000000000000
0.0000000000000000
0.0000000000000000
0.0000000000000000
0.0000000000000000
0.0000000000000000
0.0000000000000000
0.0000000000000000
0.0000000000000000
0.0000000000000000
0.0000000000000000
0.0000000000000000
0.0000000000000000
0.0000000000000000
0.0000000000000000
0.0000000000000000
0.0000000000000000
0.0000000000000000
0.0000000000000000
0.0000000000000000
0.0000000000000000
0.0000000000000000
0.0000000000000000
0.0000000000000000
0.0000000000000000
0.0000000000000000
0.0000000000000000
0.0000000000000000
0.0000000000000000
0.0000000000000000
0.0000000000000000
0.0000000000000000
0.0000000000000000
0.0000000000000000
0.0000000000000000
0.0000000000000000
0.0000000000000000
0.0000000000000000
0.0000000000000000
0.0000000000000000
0.0000000000000000
0.0000000000000000
0.0000000000000000
0.0000000000000000
0.0000000000000000
0.0000000000000000
0.0000000000000000
0.0000000000000000
0.0000000000000000
0.0000000000000000
0.0000000000000000
0.0000000000000000
0.0000000000000000
0.0000000000000000
0.0000000000000000
0.0000000000000000
0.0000000000000000
0.0000000000000000
0.0000000000000000
0.0000000000000000
0.0000000000000000
0.0000000000000000
0.0000000000000000
0.0000000000000000
0.0000000000000000
0.0000000000000000
0.0000000000000000
0.0000000000000000
0.0000000000000000
0.0000000000000000
0.0000000000000000
0.0000000000000000
0.0000000000000000
0.0000000000000000
0.0000000000000000
0.0000000000000000
0.0000000000000000
0.0000000000000000
0.0000000000000000
0.0000000000000000
0.0000000000000000
0.0000000000000000
0.0000000000000000
0.0000000000000000
0.0000000000000000
0.0000000000000000
0.0000000000000000
0.0000000000000000
0.0000000000000000
0.0000000000000000
0.0000000000000000
0.0000000000000000
0.0000000000000000
0.0000000000000000
0.0000000000000000
0.0000000000000000
0.0000000000000000
0.0000000000000000
0.0000000000000000
0.0000000000000000
0.0000000000000000
0.0000000000000000
0.0000000000000000
0.0000000000000000
0.0000000000000000
0.0000000000000000
0.0000000000000000
0.0000000000000000
0.0000000000000000
0.0000000000000000
0.0000000000000000
0.0000000000000000
0.0000000000000000
0.0000000000000000
0.0000000000000000
0.0000000000000000
0.0000000000000000
0.0000000000000000
0.0000000000000000
0.0000000000000000
0.0000000000000000
0.0000000000000000
0.0000000000000000
0.0000000000000000
0.0000000000000000
0.0000000000000000
0.0000000000000000
0.0000000000000000
0.0000000000000000
0.0000000000000000
0.0000000000000000
0.0000000000000000
0.0000000000000000
0.0000000000000000
0.0000000000000000
0.0000000000000000
0.0000000000000000
0.0000000000000000
0.0000000000000000
0.0000000000000000
0.0000000000000000
0.0000000000000000
0.0000000000000000
0.0000000000000000
0.0000000000000000
0.0000000000000000
0.0000000000000000
0.0000000000000000
0.0000000000000000
0.0000000000000000
0.0000000000000000
0.0000000000000000
0.0000000000000000
0.0000000000000000
0.0000000000000000
0.0000000000000000
0.0000000000000000
0.0000000000000000
0.0000000000000000
0.0000000000000000
0.0000000000000000
0.0000000000000000
0.0000000000000000
0.0000000000000000
0.0000000000000000
0.0000000000000000
0.0000000000000000
0.0000000000000000
0.0000000000000000
0.0000000000000000
0.0000000000000000
0.0000000000000000
0.0000000000000000
0.0000000000000000
0.0000000000000000
0.0000000000000000
0.0000000000000000
0.0000000000000000
0.0000000000000000
0.0000000000000000
0.0000000000000000
0.0000000000000000
0.0000000000000000
0.0000000000000000
0.0000000000000000
0.0000000000000000
0.0000000000000000
0.0000000000000000
0.0000000000000000
0.0000000000000000
0.0000000000000000
0.0000000000000000
0.0000000000000000
0.0000000000000000
0.0000000000000000
0.0000000000000000
0.0000000000000000
0.0000000000000000
0.0000000000000000
0.0000000000000000
0.0000000000000000
0.0000000000000000
0.0000000000000000
0.0000000000000000
0.0000000000000000
0.0000000000000000
0.0000000000000000
0.0000000000000000
0.0000000000000000
0.0000000000000000
0.0000000000000000
0.0000000000000000
0.0000000000000000
0.0000000000000000
0.0000000000000000
0.0000000000000000
0.0000000000000000
0.0000000000000000
0.0000000000000000
0.0000000000000000
0.0000000000000000
0.0000000000000000
0.0000000000000000
0.0000000000000000
0.0000000000000000
0.0000000000000000
0.0000000000000000
0.0000000000000000
0.0000000000000000
0.0000000000000000
0.0000000000000000
0.0000000000000000
0.0000000000000000
0.0000000000000000
0.0000000000000000
0.0000000000000000
0.0000000000000000
0.0000000000000000
0.0000000000000000
0.0000000000000000
0.0000000000000000
0.0000000000000000
0.0000000000000000
0.0000000000000000
0.0000000000000000
0.0000000000000000
0.0000000000000000
0.0000000000000000
0.0000000000000000
0.0000000000000000
0.0000000000000000
0.0000000000000000
0.0000000000000000
0.0000000000000000
0.0000000000000000
0.0000000000000000
0.0000000000000000
0.0000000000000000
0.0000000000000000
0.0000000000000000
0.0000000000000000
0.0000000000000000
0.0000000000000000
0.0000000000000000
0.0000000000000000
0.0000000000000000
0.0000000000000000
0.0000000000000000
0.0000000000000000
0.0000000000000000
0.0000000000000000
0.0000000000000000
0.0000000000000000
0.0000000000000000
0.0000000000000000
0.0000000000000000
0.0000000000000000
0.0000000000000000
0.0000000000000000
0.0000000000000000
0.0000000000000000
0.0000000000000000
0.0000000000000000
0.0000000000000000
0.0000000000000000
0.0000000000000000
0.0000000000000000
0.0000000000000000
0.0000000000000000
0.0000000000000000
0.0000000000000000
0.0000000000000000
0.0000000000000000
0.0000000000000000
0.0000000000000000
0.0000000000000000
0.0000000000000000
0.0000000000000000
0.0000000000000000
0.0000000000000000
0.0000000000000000
0.0000000000000000
0.0000000000000000
0.0000000000000000
0.0000000000000000
0.0000000000000000
0.0000000000000000
0.0000000000000000
0.0000000000000000
0.0000000000000000
0.0000000000000000
0.0000000000000000
0.0000000000000000
0.0000000000000000
0.0000000000000000
0.0000000000000000
0.0000000000000000
0.0000000000000000
0.0000000000000000
0.0000000000000000
0.0000000000000000
0.0000000000000000
0.0000000000000000
0.0000000000000000
0.0000000000000000
0.0000000000000000
0.0000000000000000
0.0000000000000000
0.0000000000000000
0.0000000000000000
0.0000000000000000
0.0000000000000000
0.0000000000000000
0.0000000000000000
0.0000000000000000
0.0000000000000000
0.0000000000000000
0.0000000000000000
0.0000000000000000
0.0000000000000000
0.0000000000000000
0.0000000000000000
0.0000000000000000
0.0000000000000000
0.0000000000000000
0.0000000000000000
0.0000000000000000
0.0000000000000000
0.0000000000000000
0.0000000000000000
0.0000000000000000
0.0000000000000000
0.0000000000000000
0.0000000000000000
0.0000000000000000
0.0000000000000000
0.0000000000000000
0.0000000000000000
0.0000000000000000
0.0000000000000000
0.0000000000000000
0.0000000000000000
0.0000000000000000
0.0000000000000000
0.0000000000000000
0.0000000000000000
0.0000000000000000
0.0000000000000000
0.0000000000000000
0.0000000000000000
0.0000000000000000
0.0000000000000000
0.0000000000000000
0.0000000000000000
0.0000000000000000
0.0000000000000000
0.0000000000000000
0.0000000000000000
0.0000000000000000
0.0000000000000000
0.0000000000000000
0.0000000000000000
0.0000000000000000
0.0000000000000000
0.0000000000000000
0.0000000000000000
0.0000000000000000
0.0000000000000000
0.0000000000000000
0.0000000000000000
0.0000000000000000
0.0000000000000000
0.0000000000000000
0.0000000000000000
0.0000000000000000
0.0000000000000000
0.0000000000000000
0.0000000000000000
0.0000000000000000
0.0000000000000000
0.0000000000000000
0.0000000000000000
0.0000000000000000
0.0000000000000000
0.0000000000000000
0.0000000000000000
0.0000000000000000
0.0000000000000000
0.0000000000000000
0.0000000000000000
0.0000000000000000
0.0000000000000000
0.0000000000000000
0.0000000000000000
0.0000000000000000
0.0000000000000000
0.0000000000000000
0.0000000000000000
0.0000000000000000
0.0000000000000000
0.0000000000000000
0.0000000000000000
0.0000000000000000
0.0000000000000000
0.0000000000000000
0.0000000000000000
0.0000000000000000
0.0000000000000000
0.0000000000000000
0.0000000000000000
0.0000000000000000
0.0000000000000000
0.0000000000000000
0.0000000000000000
0.0000000000000000
0.0000000000000000
0.0000000000000000
0.0000000000000000
0.0000000000000000
0.0000000000000000
0.0000000000000000
0.0000000000000000
0.0000000000000000
0.0000000000000000
0.0000000000000000
0.0000000000000000
0.0000000000000000
0.0000000000000000
0.0000000000000000
0.0000000000000000
0.0000000000000000
0.0000000000000000
0.0000000000000000
0.0000000000000000
0.0000000000000000
0.0000000000000000
0.0000000000000000
0.0000000000000000
0.0000000000000000
0.0000000000000000
0.0000000000000000
0.0000000000000000
0.0000000000000000
0.0000000000000000
0.0000000000000000
0.0000000000000000
0.0000000000000000
0.0000000000000000
0.0000000000000000
0.0000000000000000
0.0000000000000000
0.0000000000000000
0.0000000000000000
0.0000000000000000
0.0000000000000000
0.0000000000000000
0.0000000000000000
0.0000000000000000
0.0000000000000000
0.0000000000000000
0.0000000000000000
0.0000000000000000
0.0000000000000000
0.0000000000000000
0.0000000000000000
0.0000000000000000
0.0000000000000000
0.0000000000000000
0.0000000000000000
0.0000000000000000
0.0000000000000000
0.0000000000000000
0.0000000000000000
0.0000000000000000
0.0000000000000000
0.0000000000000000
0.0000000000000000
0.0000000000000000
0.0000000000000000
0.0000000000000000
0.0000000000000000
0.0000000000000000
0.0000000000000000
0.0000000000000000
0.0000000000000000
0.0000000000000000
0.0000000000000000
0.0000000000000000
0.0000000000000000
0.0000000000000000
0.0000000000000000
0.0000000000000000
0.0000000000000000
0.0000000000000000
0.0000000000000000
0.0000000000000000
0.0000000000000000
0.0000000000000000
0.0000000000000000
0.0000000000000000
0.0000000000000000
0.0000000000000000
0.0000000000000000
0.0000000000000000
0.0000000000000000
0.0000000000000000
0.0000000000000000
0.0000000000000000
0.0000000000000000
0.0000000000000000
0.0000000000000000
0.0000000000000000
0.0000000000000000
0.0000000000000000
0.0000000000000000
0.0000000000000000
0.0000000000000000
0.0000000000000000
0.0000000000000000
0.0000000000000000
0.0000000000000000
0.0000000000000000
0.0000000000000000
0.0000000000000000
0.0000000000000000
0.0000000000000000
0.0000000000000000
0.0000000000000000
0.0000000000000000
0.0000000000000000
0.0000000000000000
0.0000000000000000
0.0000000000000000
0.0000000000000000
0.0000000000000000
0.0000000000000000
0.0000000000000000
0.0000000000000000
0.0000000000000000
0.0000000000000000
0.0000000000000000
0.0000000000000000
0.0000000000000000
0.0000000000000000
0.0000000000000000
0.0000000000000000
0.0000000000000000
0.0000000000000000
0.0000000000000000
0.0000000000000000
0.0000000000000000
0.0000000000000000
0.0000000000000000
0.0000000000000000
0.0000000000000000
0.0000000000000000
0.0000000000000000
0.0000000000000000
0.0000000000000000
0.0000000000000000
0.0000000000000000
0.0000000000000000
0.0000000000000000
0.0000000000000000
0.0000000000000000
0.0000000000000000
0.0000000000000000
0.0000000000000000
0.0000000000000000
0.0000000000000000
0.0000000000000000
0.0000000000000000
0.0000000000000000
0.0000000000000000
0.0000000000000000
0.0000000000000000
0.0000000000000000
0.0000000000000000
0.0000000000000000
0.0000000000000000
0.0000000000000000
0.0000000000000000
0.0000000000000000
0.0000000000000000
0.0000000000000000
0.0000000000000000
0.0000000000000000
0.0000000000000000
0.0000000000000000
0.0000000000000000
0.0000000000000000
0.0000000000000000
0.0000000000000000
0.0000000000000000
0.0000000000000000
0.0000000000000000
0.0000000000000000
0.0000000000000000
0.0000000000000000
0.0000000000000000
0.0000000000000000
0.0000000000000000
0.0000000000000000
0.0000000000000000
0.0000000000000000
0.0000000000000000
0.0000000000000000
0.0000000000000000
0.0000000000000000
0.0000000000000000
0.0000000000000000
0.0000000000000000
0.0000000000000000
0.0000000000000000
0.0000000000000000
0.0000000000000000
0.0000000000000000
0.0000000000000000
0.0000000000000000
0.0000000000000000
0.0000000000000000
0.0000000000000000
0.0000000000000000
0.0000000000000000
0.0000000000000000
0.0000000000000000
0.0000000000000000
0.0000000000000000
0.0000000000000000
0.0000000000000000
0.0000000000000000
0.0000000000000000
0.0000000000000000
0.0000000000000000
0.0000000000000000
0.0000000000000000
0.0000000000000000
0.0000000000000000
0.0000000000000000
0.0000000000000000
0.0000000000000000
0.0000000000000000
0.0000000000000000
0.0000000000000000
0.0000000000000000
0.0000000000000000
0.0000000000000000
0.0000000000000000
0.0000000000000000
0.0000000000000000
0.0000000000000000
0.0000000000000000
0.0000000000000000
0.0000000000000000
0.0000000000000000
0.0000000000000000
0.0000000000000000
0.0000000000000000
0.0000000000000000
0.0000000000000000
0.0000000000000000
0.0000000000000000
0.0000000000000000
0.0000000000000000
0.0000000000000000
0.0000000000000000
0.0000000000000000
0.0000000000000000
0.0000000000000000
0.0000000000000000
0.0000000000000000
0.0000000000000000
0.0000000000000000
0.0000000000000000
0.0000000000000000
0.0000000000000000
0.0000000000000000
0.0000000000000000
0.0000000000000000
0.0000000000000000
0.0000000000000000
0.0000000000000000
0.0000000000000000
0.0000000000000000
0.0000000000000000
0.0000000000000000
0.0000000000000000
0.0000000000000000
0.0000000000000000
0.0000000000000000
0.0000000000000000
0.0000000000000000
0.0000000000000000
0.0000000000000000
0.0000000000000000
0.0000000000000000
0.0000000000000000
0.0000000000000000
0.0000000000000000
0.0000000000000000
0.0000000000000000
0.0000000000000000
0.0000000000000000
0.0000000000000000
0.0000000000000000
0.0000000000000000
0.0000000000000000
0.0000000000000000
0.0000000000000000
0.0000000000000000
0.0000000000000000
0.0000000000000000
0.0000000000000000
0.0000000000000000
0.0000000000000000
0.0000000000000000
0.0000000000000000
0.0000000000000000
0.0000000000000000
0.0000000000000000
0.0000000000000000
0.0000000000000000
0.0000000000000000
0.0000000000000000
0.26685364970506268E-2
0.23591113022776787E-2
0.19670820931594018E-2
0.13185060986989872E-2
0.49750171580877534E-3
0.39898915644977831E-4
0.22651512298792129E-2
0.22081984292959939E-2
0.21405733419718018E-2
0.19462875629848921E-2
0.17301946751082592E-2
0.27707680483060096E-2
0.94498586922884870E-3
0.71033508790068021E-3
0.57762992770292786E-4
0.79366104855045909E-4
0.21560356456197540E-4
0.92400414161559014E-5
0.27826128776080520E-2
0.27366833992233880E-2
0.25595761130206671E-2
0.23242623216411973E-2
0.36905402791901740E-2
0.23393709660993367E-2
0.84636412871411831E-3
0.64180673359767412E-4
0.24690737682433973E-2
0.25003007919233025E-2
0.24368984536862199E-2
0.22742505788966210E-2
0.38679649365021074E-2
0.25914534532990169E-2
0.96090785586121154E-3
0.74631708593347909E-4
0.71028187459917834E-2
0.67959108146593041E-2
0.62303655981155630E-2
0.56208992643701590E-2
0.46546574981481395E-2
0.39841989065989682E-2
0.32312817632951475E-2
0.24334017449889984E-2
0.18211591647251852E-2
0.42418067526054563E-3
0.11345448310197665E-1
0.11438340590709582E-1
0.11129929797461600E-1
0.10255142359684799E-1
0.92532552770366282E-2
0.80557187863556073E-2
0.65762340567558815E-2
0.49513081157293677E-2
0.37298064388108791E-2
0.88019604179869002E-3
0.17103963438714169E-1
0.10619129491176551E-2
0.76880767781396159E-1
0.69658600313170060E-1
0.30002519680435314E-1
0.25851265083730902E-1
0.21085622161339312E-1
0.15853952356815429E-1
0.10756976225414935E-1
0.11691895812511925E-2
0.17332937386250406E-2
0.10685285095369853E-2
0.48538111561858201E-1
0.43237183477494459E-1
0.33291918269499975E-1
0.22437387996638962E-1
0.76203850995696480E-2
0.11170826878440655E-2
0.59544200239010283E-3
0.10013237226076373E-3
0.31155439660082832E-1
0.33407990107279503E-1
0.66384914083357421E-1
0.64403294465659622E-1
0.54749033456597089E-1
0.33074688986365858E-2
0.21181565652025107E-1
0.20744102892496556E-1
0.24343550274936947E-1
0.15933180857521000E-1
0.11670648439340332E-1
0.68420104404536919E-3
0.96465684544469188E-2
0.78801657996369328E-2
0.59899941417715132E-2
0.38233569914460546E-2
0.26149170841318348E-2
0.10824810921692318E-2
0.20374230662432032E-2
0.13072459449486331E-3
0.61031603063981747E-3
0.36087297253406872E-3
0.52042773133825358E-3
0.31244908654848958E-3
0.25933644275034543E-3
0.12371603429240328E-4
0.97119283544570389E-3
0.15642139393168169E-2
0.14443058293053615E-2
0.13082745149366420E-2
0.20042107777173798E-2
0.13605441016462559E-2
0.60991165873856249E-3
0.93048284076303856E-4
0.32669441837011153E-4
0.22470236041711520E-4
0.85314115966214726E-5
0.12101393087240481E-5
0.26685364782326757E-2
0.23591112856417283E-2
0.19670820792879575E-2
0.13185060894011630E-2
0.49750171230049920E-3
0.39898915363619175E-4
0.22651512139058487E-2
0.22081984137242486E-2
0.21405733268769342E-2
0.19462875492600867E-2
0.17301946629072948E-2
0.27707680287671435E-2
0.94498586256500962E-3
0.71033508289154842E-3
0.57762992362960456E-4
0.79366104295373037E-4
0.21560356304158497E-4
0.92400413509970974E-5
0.27826128579856585E-2
0.27366833799248795E-2
0.25595760949710814E-2
0.23242623052509943E-2
0.36905402531652700E-2
0.23393709496025909E-2
0.84636412274573876E-3
0.64180672907178978E-4
0.24693740080817717E-2
0.24966576830995207E-2
0.24388794577044968E-2
0.22739049286267733E-2
0.38688732246319247E-2
0.25916363281229468E-2
0.96145683663837335E-3
0.74703076302795252E-4
0.71028186959042183E-2
0.67959107667359877E-2
0.62303655541803516E-2
0.56208992247327744E-2
0.46546574653244860E-2
0.39841988785032463E-2
0.32312817405088365E-2
0.24334017278291676E-2
0.18211591518827585E-2
0.42418067226931386E-3
0.11344752342938738E-1
0.11437961202707823E-1
0.11130284709757908E-1
0.10255291439253959E-1
0.92533950707184669E-2
0.80558895649902665E-2
0.65763405850576100E-2
0.49513941335531482E-2
0.37298712850610525E-2
0.88019922617206363E-3
0.17104809881372546E-1
0.10610689845500514E-2
0.76880767239249359E-1
0.69658599821952452E-1
0.30002519468863936E-1
0.25851264901433284E-1
0.21085622012647996E-1
0.15853952245016734E-1
0.10756976149559028E-1
0.11691895730063164E-2
0.17332937264022221E-2
0.10685285020019498E-2
0.48538150924088724E-1
0.43237272006326766E-1
0.33291834453718659E-1
0.22437340456855064E-1
0.76203871347491426E-2
0.11170830110971946E-2
0.59544199853194218E-3
0.10013237106783805E-3
0.31155439440381304E-1
0.33407989871693473E-1
0.66384913615225138E-1
0.64403294011501300E-1
0.54749033070518559E-1
0.33074688753130196E-2
0.21181565502657217E-1
0.20744102746213560E-1
0.24343550103271411E-1
0.15933180745163603E-1
0.11670648357041404E-1
0.68420103922052912E-3
0.96465683864213735E-2
0.78801657440676822E-2
0.59899940995313504E-2
0.38233569644845551E-2
0.26149170656919961E-2
0.10824810845358056E-2
0.20374230518757299E-2
0.13072459357302131E-3
0.60956896220933196E-3
0.36065531275813312E-3
0.52020529254805689E-3
0.31242051915928809E-3
0.26049459151457322E-3
0.12429174118509020E-4
0.97119282859705887E-3
0.15642139282863133E-2
0.14443058191204244E-2
0.13082745057109687E-2
0.20042107635841124E-2
0.13605440920519884E-2
0.60991165443759535E-3
0.93048283420147168E-4
0.32669441606633208E-4
0.22470235883256199E-4
0.85314115364597734E-5
0.12101393001904034E-5
0.26685365049408283E-2
0.23591113092529866E-2
0.19670820989755762E-2
0.13185061025974831E-2
0.49750171727976468E-3
0.39898915762949043E-4
0.22651512365767039E-2
0.22081984358250893E-2
0.21405733483009469E-2
0.19462875687395822E-2
0.17301946802240162E-2
0.27707680564984846E-2
0.94498587202293787E-3
0.71033509000096510E-3
0.57762992941083644E-4
0.79366105089711820E-4
0.21560356519946171E-4
0.92400414434764155E-5
0.27826128858355489E-2
0.27366834073150829E-2
0.25595761205886992E-2
0.23242623285134652E-2
0.36905402901021875E-2
0.23393709730162773E-2
0.84636413121660741E-3
0.64180673549533773E-4
0.24689311217858090E-2
0.25018756590156196E-2
0.24359405078409305E-2
0.22744603149871230E-2
0.38675993386383467E-2
0.25914043351638366E-2
0.96065835633486123E-3
0.74610065121323934E-4
0.71028187669930588E-2
0.67959108347531282E-2
0.62303656165372109E-2
0.56208992809897657E-2
0.46546575119108084E-2
0.39841989183792576E-2
0.32312817728492472E-2
0.24334017521839648E-2
0.18211591701099018E-2
0.42418067651474285E-3
0.11345719942638218E-1
0.11438488664969170E-1
0.11129791280477535E-1
0.10255084177290099E-1
0.92532007186401297E-2
0.80556521345498382E-2
0.65761924810077534E-2
0.49512745447145880E-2
0.37297811306319785E-2
0.88019479914476072E-3
0.17103661464679926E-1
0.10622140470641513E-2
0.76880768008713546E-1
0.69658600519133293E-1
0.30002519769145333E-1
0.25851265160166691E-1
0.21085622223684274E-1
0.15853952403691640E-1
0.10756976257220647E-1
0.11691895847081963E-2
0.17332937437499608E-2
0.10685285126963593E-2
0.48538095368728967E-1
0.43237147054197435E-1
0.33291952757814262E-1
0.22437407558390268E-1
0.76203842626046585E-2
0.11170825549014708E-2
0.59544200401046585E-3
0.10013237275713253E-3
0.31155439752201749E-1
0.33407990206058655E-1
0.66384914279641161E-1
0.64403294656084201E-1
0.54749033618476418E-1
0.33074689084159519E-2
0.21181565714653749E-1
0.20744102953831729E-1
0.24343550346914794E-1
0.15933180904631469E-1
0.11670648473847548E-1
0.68420104606838213E-3
0.96465684829694330E-2
0.78801658229366318E-2
0.59899941594824422E-2
0.38233570027507743E-2
0.26149170918634969E-2
0.10824810953698602E-2
0.20374230722673588E-2
0.13072459488138355E-3
0.61054870557066768E-3
0.36094076294689698E-3
0.52049701029643653E-3
0.31245798409962024E-3
0.25897573750867180E-3
0.12353673047164027E-4
0.97119283831728056E-3
0.15642139439418100E-2
0.14443058335758161E-2
0.13082745188048857E-2
0.20042107836433349E-2
0.13605441056690477E-2
0.60991166054192019E-3
0.93048284351424576E-4
0.32669441933606601E-4
0.22470236108150440E-4
0.85314116218467423E-5
0.12101393123021302E-5
0.26685365075123407E-2
0.23591113115263244E-2
0.19670821008711385E-2
0.13185061038680506E-2
0.49750171775917807E-3
0.39898915801397298E-4
0.22651512387594978E-2
0.22081984379530013E-2
0.21405733503636923E-2
0.19462875706151061E-2
0.17301946818913038E-2
0.27707680591685119E-2
0.94498587293356557E-3
0.71033509068547354E-3
0.57762992996746468E-4
0.79366105166192295E-4
0.21560356540722629E-4
0.92400414523805038E-5
0.27826128885169903E-2
0.27366834099522650E-2
0.25595761230552136E-2
0.23242623307532209E-2
0.36905402936585458E-2
0.23393709752705925E-2
0.84636413203219914E-3
0.64180673611380934E-4
0.24688843170262557E-2
0.25023923998387389E-2
0.24356261894024744E-2
0.22745291329722352E-2
0.38674793796985448E-2
0.25913882186463641E-2
0.96057649126499232E-3
0.74602963527340273E-4
0.71028187738376306E-2
0.67959108413019513E-2
0.62303656225410507E-2
0.56208992864062984E-2
0.46546575163962300E-2
0.39841989222185971E-2
0.32312817759630446E-2
0.24334017545288920E-2
0.18211591718648465E-2
0.42418067692350100E-3
0.11345810181485224E-1
0.11438537856530588E-1
0.11129745263519954E-1
0.10255064848316106E-1
0.92531825936138408E-2
0.80556299919923406E-2
0.65761786689990899E-2
0.49512633919899804E-2
0.37297727229281996E-2
0.88019438630610131E-3
0.17103564665731218E-1
0.10623105654665032E-2
0.76880768082799061E-1
0.69658600586259223E-1
0.30002519798057011E-1
0.25851265185078045E-1
0.21085622244003257E-1
0.15853952418969169E-1
0.10756976267586519E-1
0.11691895858348762E-2
0.17332937454202348E-2
0.10685285137260379E-2
0.48538089880111053E-1
0.43237134711137257E-1
0.33291964442315143E-1
0.22437414185696412E-1
0.76203839787223303E-2
0.11170825098134811E-2
0.59544200453675038E-3
0.10013237292149320E-3
0.31155439782224428E-1
0.33407990238251986E-1
0.66384914343612433E-1
0.64403294718145904E-1
0.54749033671234862E-1
0.33074689116031667E-2
0.21181565735065189E-1
0.20744102973821611E-1
0.24343550370373251E-1
0.15933180919985346E-1
0.11670648485093872E-1
0.68420104672770672E-3
0.96465684922652679E-2
0.78801658305302866E-2
0.59899941652546496E-2
0.38233570064351201E-2
0.26149170943833397E-2
0.10824810964129841E-2
0.20374230742307045E-2
0.13072459500735521E-3
0.61062619657203303E-3
0.36096334013669426E-3
0.52052008323412555E-3
0.31246094736998967E-3
0.25885560674861283E-3
0.12347701438841883E-4
0.97119283925316236E-3
0.15642139454491518E-2
0.14443058349676093E-2
0.13082745200655936E-2
0.20042107855746758E-2
0.13605441069801246E-2
0.60991166112965643E-3
0.93048284441089776E-4
0.32669441965088234E-4
0.22470236129803695E-4
0.85314116300679661E-5
0.12101393134682708E-5
0.26685364794947972E-2
0.23591112867575028E-2
0.19670820802183166E-2
0.13185060900247688E-2
0.49750171253579959E-3
0.39898915382489924E-4
0.22651512149771836E-2
0.22081984147686467E-2
0.21405733278893483E-2
0.19462875501806104E-2
0.17301946637256144E-2
0.27707680300776169E-2
0.94498586301195386E-3
0.71033508322751134E-3
0.57762992390280270E-4
0.79366104332910338E-4
0.21560356314355767E-4
0.92400413553673030E-5
0.27826128593017338E-2
0.27366833812192317E-2
0.25595760961816686E-2
0.23242623063502864E-2
0.36905402549107622E-2
0.23393709507090288E-2
0.84636412314603845E-3
0.64180672937534119E-4
0.24693621208186482E-2
0.24968872224490515E-2
0.24388101858847750E-2
0.22738937271422218E-2
0.38688012100044503E-2
0.25916084372604683E-2
0.96142890842509097E-3
0.74693545017157827E-4
0.71028186992635953E-2
0.67959107699502082E-2
0.62303655571270900E-2
0.56208992273912564E-2
0.46546574675259715E-2
0.39841988803876287E-2
0.32312817420371161E-2
0.24334017289800790E-2
0.18211591527441012E-2
0.42418067246993599E-3
0.11344815296073606E-1
0.11437995519064995E-1
0.11130252603674026E-1
0.10255277952294471E-1
0.92533824238963253E-2
0.80558741155643907E-2
0.65763309477584577E-2
0.49513863518352028E-2
0.37298654186584141E-2
0.88019893797851843E-3
0.17104729029589223E-1
0.10611495959935101E-2
0.76880767275611189E-1
0.69658599854898459E-1
0.30002519483054046E-1
0.25851264913660001E-1
0.21085622022620733E-1
0.15853952252515083E-1
0.10756976154646689E-1
0.11691895735593009E-2
0.17332937272220076E-2
0.10685285025073253E-2
0.48538147479110991E-1
0.43237264267719400E-1
0.33291841769730296E-1
0.22437344605942686E-1
0.76203869558998175E-2
0.11170829827034027E-2
0.59544199878380072E-3
0.10013237115771709E-3
0.31155439455116705E-1
0.33407989887494244E-1
0.66384913646622815E-1
0.64403294041961739E-1
0.54749033096412880E-1
0.33074688768773329E-2
0.21181565512675332E-1
0.20744102756024771E-1
0.24343550114785034E-1
0.15933180752699422E-1
0.11670648362561200E-1
0.68420103954413148E-3
0.96465683909838524E-2
0.78801657477947165E-2
0.59899941023644010E-2
0.38233569662928651E-2
0.26149170669287577E-2
0.10824810850477802E-2
0.20374230528393575E-2
0.13072459363484934E-3
0.60965190750338018E-3
0.36067947896699571E-3
0.52022998931166100E-3
0.31242369084135790E-3
0.26036600454041746E-3
0.12422782158533617E-4
0.97119282905639803E-3
0.15642139290261300E-2
0.14443058198035290E-2
0.13082745063297354E-2
0.20042107645320316E-2
0.13605440926954767E-2
0.60991165472606154E-3
0.93048283464155652E-4
0.32669441622084674E-4
0.22470235893883810E-4
0.85314115404948232E-5
0.12101393007627556E-5
0.26685364989597524E-2
0.23591113039654354E-2
0.19670820945666924E-2
0.13185060996422735E-2
0.49750171616469831E-3
0.39898915673522334E-4
0.22651512314997486E-2
0.22081984308757840E-2
0.21405733435032118E-2
0.19462875643773061E-2
0.17301946763460759E-2
0.27707680502882738E-2
0.94498586990491098E-3
0.71033508840886853E-3
0.57762992811617613E-4
0.79366104911826038E-4
0.21560356471622261E-4
0.92400414227664159E-5
0.27826128795987904E-2
0.27366834011812672E-2
0.25595761148518403E-2
0.23242623233040221E-2
0.36905402818304621E-2
0.23393709677729706E-2
0.84636412931962462E-3
0.64180673405683591E-4
0.24690393863456123E-2
0.25006803802567019E-2
0.24366675611547277E-2
0.22743011313412485E-2
0.38678768168981391E-2
0.25914416144209498E-2
0.96084771929225339E-3
0.74626491893449096E-4
0.71028187510732855E-2
0.67959108195212378E-2
0.62303656025728942E-2
0.56208992683914648E-2
0.46546575014781771E-2
0.39841989094493461E-2
0.32312817656068725E-2
0.24334017467299040E-2
0.18211591660280797E-2
0.42418067556401317E-3
0.11345513341265401E-1
0.11438376040959781E-1
0.11129896635470113E-1
0.10255128430430891E-1
0.92532422153893523E-2
0.80557028294402418E-2
0.65762241032384068E-2
0.49513000785969064E-2
0.37298003798582904E-2
0.88019574430403113E-3
0.17103889692571528E-1
0.10619864811872164E-2
0.76880767836398245E-1
0.69658600363005252E-1
0.30002519701899731E-1
0.25851265102225428E-1
0.21085622176424398E-1
0.15853952368157672E-1
0.10756976233110695E-1
0.11691895820876547E-2
0.17332937398650745E-2
0.10685285103014324E-2
0.48538107729523279E-1
0.43237174856378152E-1
0.33291926433773121E-1
0.22437392627465007E-1
0.76203849015693088E-2
0.11170826563924611E-2
0.59544200278290472E-3
0.10013237237981417E-3
0.31155439682372072E-1
0.33407990131180267E-1
0.66384914130850542E-1
0.64403294511735057E-1
0.54749033495765667E-1
0.33074689010028167E-2
0.21181565667178832E-1
0.20744102907337313E-1
0.24343550292352821E-1
0.15933180868919924E-1
0.11670648447689754E-1
0.68420104453486056E-3
0.96465684613482715E-2
0.78801658052745655E-2
0.59899941460568778E-2
0.38233569941813626E-2
0.26149170860026000E-2
0.10824810929436610E-2
0.20374230677008176E-2
0.13072459458838637E-3
0.61037166263310807E-3
0.36088918105356220E-3
0.52044429576653182E-3
0.31245121393313157E-3
0.25925019904056510E-3
0.12367316320291065E-4
0.97119283614051518E-3
0.15642139404358876E-2
0.14443058303386476E-2
0.13082745158726084E-2
0.20042107791512333E-2
0.13605441026196170E-2
0.60991165917490583E-3
0.93048284142872501E-4
0.32669441860383543E-4
0.22470236057787185E-4
0.85314116027250192E-5
0.12101393095898067E-5
0.0000000000000000
0.0000000000000000
0.0000000000000000
0.0000000000000000
0.0000000000000000
0.0000000000000000
0.0000000000000000
0.0000000000000000
0.0000000000000000
0.0000000000000000
0.0000000000000000
0.0000000000000000
0.0000000000000000
0.0000000000000000
0.0000000000000000
0.0000000000000000
0.0000000000000000
0.0000000000000000
0.0000000000000000
0.0000000000000000
0.0000000000000000
0.0000000000000000
0.0000000000000000
0.0000000000000000
0.0000000000000000
0.0000000000000000
0.0000000000000000
0.0000000000000000
0.0000000000000000
0.0000000000000000
0.0000000000000000
0.0000000000000000
0.0000000000000000
0.0000000000000000
0.0000000000000000
0.0000000000000000
0.0000000000000000
0.0000000000000000
0.0000000000000000
0.0000000000000000
0.0000000000000000
0.0000000000000000
0.0000000000000000
0.0000000000000000
0.0000000000000000
0.0000000000000000
0.0000000000000000
0.0000000000000000
0.0000000000000000
0.0000000000000000
0.0000000000000000
0.0000000000000000
0.0000000000000000
0.0000000000000000
0.0000000000000000
0.0000000000000000
0.0000000000000000
0.0000000000000000
0.0000000000000000
0.0000000000000000
0.0000000000000000
0.0000000000000000
0.0000000000000000
0.0000000000000000
0.0000000000000000
0.0000000000000000
0.0000000000000000
0.0000000000000000
0.0000000000000000
0.0000000000000000
0.0000000000000000
0.0000000000000000
0.0000000000000000
0.0000000000000000
0.0000000000000000
0.0000000000000000
0.0000000000000000
0.0000000000000000
0.0000000000000000
0.0000000000000000
0.0000000000000000
0.0000000000000000
0.0000000000000000
0.0000000000000000
0.0000000000000000
0.0000000000000000
0.0000000000000000
0.0000000000000000
0.0000000000000000
0.0000000000000000
0.0000000000000000
0.0000000000000000
0.0000000000000000
0.0000000000000000
0.0000000000000000
0.0000000000000000
0.0000000000000000
0.0000000000000000
0.0000000000000000
0.0000000000000000
0.0000000000000000
0.0000000000000000
0.0000000000000000
0.0000000000000000
0.0000000000000000
0.0000000000000000
0.0000000000000000
0.0000000000000000
0.0000000000000000
0.0000000000000000
0.0000000000000000
0.0000000000000000
0.26685364724780441E-2
0.23591112805543646E-2
0.19670820750459948E-2
0.13185060865578380E-2
0.49750171122764939E-3
0.39898915277578172E-4
0.22651512090211073E-2
0.22081984089623247E-2
0.21405733222608419E-2
0.19462875450629669E-2
0.17301946591761737E-2
0.27707680227920524E-2
0.94498586052717151E-3
0.71033508135972883E-3
0.57762992238396028E-4
0.79366104124222034E-4
0.21560356257664133E-4
0.92400413310711810E-5
0.27826128519850240E-2
0.27366833740232908E-2
0.25595760894514203E-2
0.23242623002387814E-2
0.36905402452067130E-2
0.23393709445577965E-2
0.84636412092057591E-3
0.64180672768774974E-4
0.24694276179253261E-2
0.24956224925353114E-2
0.24391918639088701E-2
0.22739554457090428E-2
0.38691980004837904E-2
0.25917621119683995E-2
0.96158278896901685E-3
0.74746061072141992E-4
0.71028186805871694E-2
0.67959107520807784E-2
0.62303655407447258E-2
0.56208992126114471E-2
0.46546574552868347E-2
0.39841988699114220E-2
0.32312817335406591E-2
0.24334017225815983E-2
0.18211591479554748E-2
0.42418067135457894E-3
0.11344470304774527E-1
0.11437807460804186E-1
0.11130428548519884E-1
0.10255351862095873E-1
0.92534517296799998E-2
0.80559587800040095E-2
0.65763837610888195E-2
0.49514289964147553E-2
0.37298975671218532E-2
0.88020051728132783E-3
0.17105182412088700E-1
0.10606975616299634E-2
0.76880767073457937E-1
0.69658599671735447E-1
0.30002519404164263E-1
0.25851264845685687E-1
0.21085621967177386E-1
0.15853952210828089E-1
0.10756976126361881E-1
0.11691895704849888E-2
0.17332937226644182E-2
0.10685284996976951E-2
0.48538166063905402E-1
0.43237306020665951E-1
0.33291802291119631E-1
0.22437322216389884E-1
0.76203879203524819E-2
0.11170831358253191E-2
0.59544199737872447E-3
0.10013237066499381E-3
0.31155439373195388E-1
0.33407989799649984E-1
0.66384913472067750E-1
0.64403293872617229E-1
0.54749032952453661E-1
0.33074688681805466E-2
0.21181565456979707E-1
0.20744102701479427E-1
0.24343550050775164E-1
0.15933180710804101E-1
0.11670648331873947E-1
0.68420103774506690E-3
0.96465683656187916E-2
0.78801657270743050E-2
0.59899940866140798E-2
0.38233569562395827E-2
0.26149170600529939E-2
0.10824810822014626E-2
0.20374230474820786E-2
0.13072459329111703E-3
0.60919747974033742E-3
0.36054708089738565E-3
0.52009468451538515E-3
0.31240631431238698E-3
0.26107048678825485E-3
0.12457801431392934E-4
0.97119282650270607E-3
0.15642139249131255E-2
0.14443058160058155E-2
0.13082745028897079E-2
0.20042107592620827E-2
0.13605440891180096E-2
0.60991165312233636E-3
0.93048283219490890E-4
0.32669441536182381E-4
0.22470235834799704E-4
0.85314115180620009E-5
0.12101392975807686E-5
0.26685364761132265E-2
0.23591112837680361E-2
0.19670820777256295E-2
0.13185060883539575E-2
0.49750171190536519E-3
0.39898915331930006E-4
0.22651512121067831E-2
0.22081984119704172E-2
0.21405733251768128E-2
0.19462875477142742E-2
0.17301946615331111E-2
0.27707680265664984E-2
0.94498586181446741E-3
0.71033508232737450E-3
0.57762992317082983E-4
0.79366104232337576E-4
0.21560356287034476E-4
0.92400413436583193E-5
0.27826128557756060E-2
0.27366833777513057E-2
0.25595760929381728E-2
0.23242623034049805E-2
0.36905402502341081E-2
0.23393709477445772E-2
0.84636412207352550E-3
0.64180672856204346E-4
0.24693938646106269E-2
0.24962742594996099E-2
0.24389951696618156E-2
0.22739236396287551E-2
0.38689935181819807E-2
0.25916829171375535E-2
0.96150348805077465E-3
0.74718997406024768E-4
0.71028186902629001E-2
0.67959107613384277E-2
0.62303655492319679E-2
0.56208992202684514E-2
0.46546574616275873E-2
0.39841988753388504E-2
0.32312817379424349E-2
0.24334017258964714E-2
0.18211591504363276E-2
0.42418067193241408E-3
0.11344647539304257E-1
0.11437904073206211E-1
0.11130338159470768E-1
0.10255313892097698E-1
0.92534161249193912E-2
0.80559152849374888E-2
0.65763566290623111E-2
0.49514070884216230E-2
0.37298810513459904E-2
0.88019970594688257E-3
0.17104946351409665E-1
0.10609329202574374E-2
0.76880767178187856E-1
0.69658599766627055E-1
0.30002519445034841E-1
0.25851264880901271E-1
0.21085621995901027E-1
0.15853952232424948E-1
0.10756976141015446E-1
0.11691895720777035E-2
0.17332937250255772E-2
0.10685285011532855E-2
0.48538156605794296E-1
0.43237284770323299E-1
0.33291822385702628E-1
0.22437333612740373E-1
0.76203874296484455E-2
0.11170830579161749E-2
0.59544199810811530E-3
0.10013237091817371E-3
0.31155439415636522E-1
0.33407989845159629E-1
0.66384913562499828E-1
0.64403293960349856E-1
0.54749033027034884E-1
0.33074688726861070E-2
0.21181565485834046E-1
0.20744102729737837E-1
0.24343550083936877E-1
0.15933180732508889E-1
0.11670648347772150E-1
0.68420103867711170E-3
0.96465683787597175E-2
0.78801657378089682E-2
0.59899940947738791E-2
0.38233569614479061E-2
0.26149170636151340E-2
0.10824810836760597E-2
0.20374230502575343E-2
0.13072459346919507E-3
0.60943090703358290E-3
0.36061509021920884E-3
0.52016418694614914E-3
0.31241524017029703E-3
0.26070861326007338E-3
0.12439812975520427E-4
0.97119282782570215E-3
0.15642139270439575E-2
0.14443058179733040E-2
0.13082745046718895E-2
0.20042107619922950E-2
0.13605440909713949E-2
0.60991165395318130E-3
0.93048283346244831E-4
0.32669441580685946E-4
0.22470235865409520E-4
0.85314115296838164E-5
0.12101392992292666E-5
0.26685364708092020E-2
0.23591112790790295E-2
0.19670820738158261E-2
0.13185060857332741E-2
0.49750171091652304E-3
0.39898915252626295E-4
0.22651512076045329E-2
0.22081984075813673E-2
0.21405733209221758E-2
0.19462875438458025E-2
0.17301946580941491E-2
0.27707680210592766E-2
0.94498585993619871E-3
0.71033508091550128E-3
0.57762992202272356E-4
0.79366104074588275E-4
0.21560356244180775E-4
0.92400413252926680E-5
0.27826128502448410E-2
0.27366833723118308E-2
0.25595760878507189E-2
0.23242622987852402E-2
0.36905402428987328E-2
0.23393709430948066E-2
0.84636412039127893E-3
0.64180672728637837E-4
0.24694429867148301E-2
0.24953257252983874E-2
0.24392814241363369E-2
0.22739699278707618E-2
0.38692911068170781E-2
0.25917981715153976E-2
0.96161889682882683E-3
0.74758383894960774E-4
0.71028186761452269E-2
0.67959107478307692E-2
0.62303655368483963E-2
0.56208992090962641E-2
0.46546574523759175E-2
0.39841988674197935E-2
0.32312817315198888E-2
0.24334017210598038E-2
0.18211591468165632E-2
0.42418067108930595E-3
0.11344389945772039E-1
0.11437763656228029E-1
0.11130469531225965E-1
0.10255369077780631E-1
0.92534678729633956E-2
0.80559785007960488E-2
0.65763960628180363E-2
0.49514389295568454E-2
0.37299050554183782E-2
0.88020088513712520E-3
0.17105291607795239E-1
0.10605886907609503E-2
0.76880767025378438E-1
0.69658599628172529E-1
0.30002519385401365E-1
0.25851264829518890E-1
0.21085621953990913E-1
0.15853952200913384E-1
0.10756976119634712E-1
0.11691895697538040E-2
0.17332937215804554E-2
0.10685284990294614E-2
0.48538170290751005E-1
0.43237315518563850E-1
0.33291793308569496E-1
0.22437317122008627E-1
0.76203881395648732E-2
0.11170831706312279E-2
0.59544199704288656E-3
0.10013237055017610E-3
0.31155439353711480E-1
0.33407989778757384E-1
0.66384913430552125E-1
0.64403293832340863E-1
0.54749032918214847E-1
0.33074688661121304E-2
0.21181565443733234E-1
0.20744102688506533E-1
0.24343550035551258E-1
0.15933180700839850E-1
0.11670648324575388E-1
0.68420103731718304E-3
0.96465683595860462E-2
0.78801657221462262E-2
0.59899940828680729E-2
0.38233569538485418E-2
0.26149170584176839E-2
0.10824810815245034E-2
0.20374230462079203E-2
0.13072459320936483E-3
0.60909163742404516E-3
0.36051624361019334E-3
0.52006317021058128E-3
0.31240226708216507E-3
0.26123457012970126E-3
0.12465957888604109E-4
0.97119282589534404E-3
0.15642139239349015E-2
0.14443058151025793E-2
0.13082745020715427E-2
0.20042107580086942E-2
0.13605440882671562E-2
0.60991165274091133E-3
0.93048283161300608E-4
0.32669441515751655E-4
0.22470235820747326E-4
0.85314115127266488E-5
0.12101392968239749E-5
0.26685364682834693E-2
0.23591112768461637E-2
0.19670820719540102E-2
0.13185060844853264E-2
0.49750171044564461E-3
0.39898915214862524E-4
0.22651512054605990E-2
0.22081984054913382E-2
0.21405733188961528E-2
0.19462875420036684E-2
0.17301946564565439E-2
0.27707680184367832E-2
0.94498585904178277E-3
0.71033508024317905E-3
0.57762992147600492E-4
0.79366103999469354E-4
0.21560356223774196E-4
0.92400413165470986E-5
0.27826128476111365E-2
0.27366833697215981E-2
0.25595760854281160E-2
0.23242622965853584E-2
0.36905402394056875E-2
0.23393709408806246E-2
0.84636411959020704E-3
0.64180672667891724E-4
0.24694660974128946E-2
0.24948794635616060E-2
0.24394160997066967E-2
0.22739917053094917E-2
0.38694311148113436E-2
0.25918523957990983E-2
0.96167319377250154E-3
0.74776914255819912E-4
0.71028186694225082E-2
0.67959107413985342E-2
0.62303655309514415E-2
0.56208992037761613E-2
0.46546574479703487E-2
0.39841988636488048E-2
0.32312817284615254E-2
0.24334017187566232E-2
0.18211591450928613E-2
0.42418067068782485E-3
0.11344269457451688E-1
0.11437697976673019E-1
0.11130530979542752E-1
0.10255394890444971E-1
0.92534920777055611E-2
0.80560080695731562E-2
0.65764145076563103E-2
0.49514538230108493E-2
0.37299162831446200E-2
0.88020143668288565E-3
0.17105457835940138E-1
0.10604229572148368E-2
0.76880766952611868E-1
0.69658599562241630E-1
0.30002519357004397E-1
0.25851264805051028E-1
0.21085621934033665E-1
0.15853952185907839E-1
0.10756976109453384E-1
0.11691895686471825E-2
0.17332937199399170E-2
0.10685284980181142E-2
0.48538176557339198E-1
0.43237329601111076E-1
0.33291779988706076E-1
0.22437309567686706E-1
0.76203884644643642E-2
0.11170832222196104E-2
0.59544199653348718E-3
0.10013237037800487E-3
0.31155439324223291E-1
0.33407989747137184E-1
0.66384913367719733E-1
0.64403293771384040E-1
0.54749032866395653E-1
0.33074688629816571E-2
0.21181565423685177E-1
0.20744102668872531E-1
0.24343550012510425E-1
0.15933180685759316E-1
0.11670648313529281E-1
0.68420103666959624E-3
0.96465683504557038E-2
0.78801657146877601E-2
0.59899940771986262E-2
0.38233569502297876E-2
0.26149170559427010E-2
0.10824810804999502E-2
0.20374230442795275E-2
0.13072459308563584E-3
0.60893290761852490E-3
0.36046999748730736E-3
0.52001590877529848E-3
0.31239619752178262E-3
0.26148064293582982E-3
0.12478189979303049E-4
0.97119282497612350E-3
0.15642139224543948E-2
0.14443058137355639E-2
0.13082745008332790E-2
0.20042107561117368E-2
0.13605440869794200E-2
0.60991165216363850E-3
0.93048283073231692E-4
0.32669441484830480E-4
0.22470235799479562E-4
0.85314115046517872E-5
0.12101392956785949E-5
0.26685364938393769E-2
0.23591112994387833E-2
0.19670820907922645E-2
0.13185060971123300E-2
0.49750171521009429E-3
0.39898915596964480E-4
0.22651512271533868E-2
0.22081984266387033E-2
0.21405733393958892E-2
0.19462875606427784E-2
0.17301946730261862E-2
0.27707680449717371E-2
0.94498586809167642E-3
0.71033508704588079E-3
0.57762992700782247E-4
0.79366104759538730E-4
0.21560356430252345E-4
0.92400414050366678E-5
0.27826128742595253E-2
0.27366833959301317E-2
0.25595761099405372E-2
0.23242623188442380E-2
0.36905402747490702E-2
0.23393709632841962E-2
0.84636412769562496E-3
0.64180673282533999E-4
0.24691314096028519E-2
0.24996644107738580E-2
0.24372855457954778E-2
0.22741658275412346E-2
0.38681126693042617E-2
0.25914733012083096E-2
0.96100867502098232E-3
0.74640454408278329E-4
0.71028187374444288E-2
0.67959108064812755E-2
0.62303655906180968E-2
0.56208992576061096E-2
0.46546574925468414E-2
0.39841989018044831E-2
0.32312817594067041E-2
0.24334017420607041E-2
0.18211591625336479E-2
0.42418067475009723E-3
0.11345339866067982E-1
0.11438281474733126E-1
0.11129985097367243E-1
0.10255165587617602E-1
0.92532770581829522E-2
0.80557453955834302E-2
0.65762506548985439E-2
0.49513215181781521E-2
0.37298165425142062E-2
0.88019653788344663E-3
0.17104088450469169E-1
0.10617883004213821E-2
0.76880767688879775E-1
0.69658600229344655E-1
0.30002519644331035E-1
0.25851265052622138E-1
0.21085622135965404E-1
0.15853952337737183E-1
0.10756976212470258E-1
0.11691895798442190E-2
0.17332937365392384E-2
0.10685285082511447E-2
0.48538117891147231E-1
0.43237197717117135E-1
0.33291904782846236E-1
0.22437380346848983E-1
0.76203854264663461E-2
0.11170827397723876E-2
0.59544200172838627E-3
0.10013237206194794E-3
0.31155439622591156E-1
0.33407990067077169E-1
0.66384914003471476E-1
0.64403294388158311E-1
0.54749033390713471E-1
0.33074688946564605E-2
0.21181565626535743E-1
0.20744102867533622E-1
0.24343550245642526E-1
0.15933180838347411E-1
0.11670648425296167E-1
0.68420104322201880E-3
0.96465684428384806E-2
0.78801657901541398E-2
0.59899941345633043E-2
0.38233569868451225E-2
0.26149170809851093E-2
0.10824810908666013E-2
0.20374230637914196E-2
0.13072459433755262E-3
0.61022334794335633E-3
0.36084596919803085E-3
0.52040013505769991E-3
0.31244554233016977E-3
0.25948012444018052E-3
0.12378745736318977E-4
0.97119283427699477E-3
0.15642139374344810E-2
0.14443058275673201E-2
0.13082745133622972E-2
0.20042107753055630E-2
0.13605441000090110E-2
0.60991165800461009E-3
0.93048283964331874E-4
0.32669441797697569E-4
0.22470236014671399E-4
0.85314115863549844E-5
0.12101393072677969E-5
0.26685365336131593E-2
0.23591113346006706E-2
0.19670821201110671E-2
0.13185061167642908E-2
0.49750172262521685E-3
0.39898916191646539E-4
0.22651512609148257E-2
0.22081984595512770E-2
0.21405733713005300E-2
0.19462875896516447E-2
0.17301946988142491E-2
0.27707680862692520E-2
0.94498588217642378E-3
0.71033509763322462E-3
0.57762993561723333E-4
0.79366105942468095E-4
0.21560356751603367E-4
0.92400415427568745E-5
0.27826129157335839E-2
0.27366834367196246E-2
0.25595761480902961E-2
0.23242623534867114E-2
0.36905403297555306E-2
0.23393709981518597E-2
0.84636414031044323E-3
0.64180674239128801E-4
0.24684084820060983E-2
0.25076457834758985E-2
0.24324307086123435E-2
0.22752287627380808E-2
0.38662598314461037E-2
0.25912243719611698E-2
0.95974421982379535E-3
0.74530766021642663E-4
0.71028188433099361E-2
0.67959109077724055E-2
0.62303656834799366E-2
0.56208993413840247E-2
0.46546575619231959E-2
0.39841989611878424E-2
0.32312818075680458E-2
0.24334017783298693E-2
0.18211591896775106E-2
0.42418068107239035E-3
0.11346767406309709E-1
0.11439059662561864E-1
0.11129257122891752E-1
0.10254859807147148E-1
0.92529903240457234E-2
0.80553951060436876E-2
0.65760321519623870E-2
0.49511450846521747E-2
0.37296835345843465E-2
0.88019000663450196E-3
0.17103052995611465E-1
0.10628195932425965E-2
0.76880768834765897E-1
0.69658601267586412E-1
0.30002520091510113E-1
0.25851265437927939E-1
0.21085622450240645E-1
0.15853952574035862E-1
0.10756976372799950E-1
0.11691895972706593E-2
0.17332937623734917E-2
0.10685285241772604E-2
0.48539604298279915E-1
0.43240522387535930E-1
0.33288777801955972E-1
0.22435607733832685E-1
0.76204637042036581E-2
0.11170951468346846E-2
0.59544202335436711E-3
0.10013235533855540E-3
0.31155440086954183E-1
0.33407990565013819E-1
0.66384914992919861E-1
0.64403295348071210E-1
0.54749034206732348E-1
0.33074689439533500E-2
0.21181565942240993E-1
0.20744103176718615E-1
0.24343550608476264E-1
0.15933181075826967E-1
0.11670648599243884E-1
0.68420105341984196E-3
0.96465685866178579E-2
0.78801659076057837E-2
0.59899942238424752E-2
0.38233570438311786E-2
0.26149171199597093E-2
0.10824811070006761E-2
0.20374230941586349E-2
0.13072459628596576E-3
0.61132671618654446E-3
0.36116743840859292E-3
0.52072866323960780E-3
0.31248773568016259E-3
0.25776962447548692E-3
0.12293718089002830E-4
0.97119284875234961E-3
0.15642139607486478E-2
0.14443058490942904E-2
0.13082745328617594E-2
0.20042108051777584E-2
0.13605441202875366E-2
0.60991166709517108E-3
0.93048285351190262E-4
0.32669442284626365E-4
0.22470236349583920E-4
0.85314117135132645E-5
0.12101393253045813E-5
0.26685365239210819E-2
0.23591113260324204E-2
0.19670821129666597E-2
0.13185061119754999E-2
0.49750172081829938E-3
0.39898916046734381E-4
0.22651512526878363E-2
0.22081984515311391E-2
0.21405733635260055E-2
0.19462875825827625E-2
0.17301946925302124E-2
0.27707680762058713E-2
0.94498587874425181E-3
0.71033509505330006E-3
0.57762993351929162E-4
0.79366105654211805E-4
0.21560356673296533E-4
0.92400415091972055E-5
0.27826129056271833E-2
0.27366834267800386E-2
0.25595761387939607E-2
0.23242623450450317E-2
0.36905403163515534E-2
0.23393709896553055E-2
0.84636413723646357E-3
0.64180674006025727E-4
0.24685901831399634E-2
0.25056397430094379E-2
0.24336509252113657E-2
0.22749616045274965E-2
0.38667255247439468E-2
0.25912869382131486E-2
0.96006202850469321E-3
0.74558335144126766E-4
0.71028188175126230E-2
0.67959108830897771E-2
0.62303656608513579E-2
0.56208993209690182E-2
0.46546575450175619E-2
0.39841989467173022E-2
0.32312817958320872E-2
0.24334017694917971E-2
0.18211591830630928E-2
0.42418067953177365E-3
0.11346392272039540E-1
0.11438855169000875E-1
0.11129448427516340E-1
0.10254940164875131E-1
0.92530656763798666E-2
0.80554871595028554E-2
0.65760895733340480E-2
0.49511914503117078E-2
0.37297184882600417E-2
0.88019172320553160E-3
0.17103197231906592E-1
0.10626763247490218E-2
0.76880768555536300E-1
0.69658601014587596E-1
0.30002519982541491E-1
0.25851265344036600E-1
0.21085622373658037E-1
0.15853952516454585E-1
0.10756976333730801E-1
0.11691895930241835E-2
0.17332937560781995E-2
0.10685285202963837E-2
0.48539604121984929E-1
0.43240522230487119E-1
0.33288777681051721E-1
0.22435607652346954E-1
0.76204636765262691E-2
0.11170951427774149E-2
0.59544202119173213E-3
0.10013235497487645E-3
0.31155439973798174E-1
0.33407990443676587E-1
0.66384914751811033E-1
0.64403295114159584E-1
0.54749034007884827E-1
0.33074689319406813E-2
0.21181565865309920E-1
0.20744103101376400E-1
0.24343550520060920E-1
0.15933181017957935E-1
0.11670648556856294E-1
0.68420105093483594E-3
0.96465685515816912E-2
0.78801658789851604E-2
0.59899942020869221E-2
0.38233570299448134E-2
0.26149171104623767E-2
0.10824811030691239E-2
0.20374230867587499E-2
0.13072459581117633E-3
0.61112909796673593E-3
0.36110986164951175E-3
0.52066982203716693E-3
0.31248017838295567E-3
0.25807598155971239E-3
0.12308946866263156E-4
0.97119284522499433E-3
0.15642139550674503E-2
0.14443058438485972E-2
0.13082745281101293E-2
0.20042107978985001E-2
0.13605441153460643E-2
0.60991166487998265E-3
0.93048285013240542E-4
0.32669442165971530E-4
0.22470236267972418E-4
0.85314116825273288E-5
0.12101393209093767E-5
0.26685365448088885E-2
0.23591113444982200E-2
0.19670821283638749E-2
0.13185061222960261E-2
0.49750172471246367E-3
0.39898916359040714E-4
0.22651512704181696E-2
0.22081984688156779E-2
0.21405733802812130E-2
0.19462875978172099E-2
0.17301947060732060E-2
0.27707680978938890E-2
0.94498588614107108E-3
0.71033510061340463E-3
0.57762993804065470E-4
0.79366106275445149E-4
0.21560356842058910E-4
0.92400415815230670E-5
0.27826129274079159E-2
0.27366834482012614E-2
0.25595761588288867E-2
0.23242623632380535E-2
0.36905403452390322E-2
0.23393710079665890E-2
0.84636414386132721E-3
0.64180674508396035E-4
0.24683826253000625E-2
0.25106374048155435E-2
0.24305652250276154E-2
0.22757912813886265E-2
0.38652851785950563E-2
0.25911191496499658E-2
0.95919841704735160E-3
0.74491401835770457E-4
0.71028188731095043E-2
0.67959109362843552E-2
0.62303657096191654E-2
0.56208993649662642E-2
0.46546575814516104E-2
0.39841989779033759E-2
0.32312818211247484E-2
0.24334017885391012E-2
0.18211591973181051E-2
0.42418068285202202E-3
0.11347410657954891E-1
0.11439410301850344E-1
0.11128929053924064E-1
0.10254721990057274E-1
0.92528610921677346E-2
0.80552372377572928E-2
0.65759336732753833E-2
0.49510655674398912E-2
0.37296235889562467E-2
0.88018706129475448E-3
0.17102833468567169E-1
0.10630376232558965E-2
0.76880769157315829E-1
0.69658601559836053E-1
0.30002520217384386E-1
0.25851265546385803E-1
0.21085622538704458E-1
0.15853952640550433E-1
0.10756976417930377E-1
0.11691896021759436E-2
0.17332937696454506E-2
0.10685285286602254E-2
0.48539604501925723E-1
0.43240522568949669E-1
0.33288777941617595E-1
0.22435607827960304E-1
0.76204637361749830E-2
0.11170951515214089E-2
0.59544202585251832E-3
0.10013235575865635E-3
0.31155440217665479E-1
0.33407990705175597E-1
0.66384915271434891E-1
0.64403295618272446E-1
0.54749034436429547E-1
0.33074689578296928E-2
0.21181566031107334E-1
0.20744103263749602E-1
0.24343550710608577E-1
0.15933181142673940E-1
0.11670648648207584E-1
0.68420105629037791E-3
0.96465686270896175E-2
0.78801659406666780E-2
0.59899942489732363E-2
0.38233570598719072E-2
0.26149171309304809E-2
0.10824811115421786E-2
0.20374231027065551E-2
0.13072459683441515E-3
0.61147880703039015E-3
0.36121175086387353E-3
0.52077394905315267E-3
0.31249355232859774E-3
0.25753384776453972E-3
0.12281997807599024E-4
0.97119285282694704E-3
0.15642139673112396E-2
0.14443058551538131E-2
0.13082745383505684E-2
0.20042108135863378E-2
0.13605441259956403E-2
0.60991166965402904E-3
0.93048285741570305E-4
0.32669442421689597E-4
0.22470236443856820E-4
0.85314117493064323E-5
0.12101393303816684E-5
0.26685365263508414E-2
0.23591113281804417E-2
0.19670821147577300E-2
0.13185061131760281E-2
0.49750172127128534E-3
0.39898916083063204E-4
0.22651512547503050E-2
0.22081984535417512E-2
0.21405733654750437E-2
0.19462875843548992E-2
0.17301946941055918E-2
0.27707680787287148E-2
0.94498587960468170E-3
0.71033509570007545E-3
0.57762993404523606E-4
0.79366105726476346E-4
0.21560356692927700E-4
0.92400415176104619E-5
0.27826129081608120E-2
0.27366834292718478E-2
0.25595761411245097E-2
0.23242623471613224E-2
0.36905403197118694E-2
0.23393709917853530E-2
0.84636413800709626E-3
0.64180674064463614E-4
0.24685448395254600E-2
0.25061403515974994E-2
0.24333464194519028E-2
0.22750282740254544E-2
0.38666093107237931E-2
0.25912713247789629E-2
0.95998271916554543E-3
0.74551455253714553E-4
0.71028188239798925E-2
0.67959108892776000E-2
0.62303656665242393E-2
0.56208993260869668E-2
0.46546575492557281E-2
0.39841989503450002E-2
0.32312817987742385E-2
0.24334017717074618E-2
0.18211591847212972E-2
0.42418067991799926E-3
0.11346484642486341E-1
0.11438905522154517E-1
0.11129401322273776E-1
0.10254920378354165E-1
0.92530471223334822E-2
0.80554644930766802E-2
0.65760754344306449E-2
0.49511800336580073E-2
0.37297098815882697E-2
0.88019130054415987E-3
0.17103160572484385E-1
0.10627127379654096E-2
0.76880768625537887E-1
0.69658601078013249E-1
0.30002520009859431E-1
0.25851265367574733E-1
0.21085622392856947E-1
0.15853952530889951E-1
0.10756976343525260E-1
0.11691895940887556E-2
0.17332937576564006E-2
0.10685285212693018E-2
0.48539604166181284E-1
0.43240522269858542E-1
0.33288777711361864E-1
0.22435607672775058E-1
0.76204636834648646E-2
0.11170951437945540E-2
0.59544202173389491E-3
0.10013235506604911E-3
0.31155440002165871E-1
0.33407990474095282E-1
0.66384914812255919E-1
0.64403295172800162E-1
0.54749034057734992E-1
0.33074689349522029E-2
0.21181565884596191E-1
0.20744103120264350E-1
0.24343550542226245E-1
0.15933181032465438E-1
0.11670648567482671E-1
0.68420105155781558E-3
0.96465685603650993E-2
0.78801658861602213E-2
0.59899942075409404E-2
0.38233570334260617E-2
0.26149171128433146E-2
0.10824811040547461E-2
0.20374230886138676E-2
0.13072459593020390E-3
0.61120948151438070E-3
0.36113328157332219E-3
0.52069375620003751E-3
0.31248325223907810E-3
0.25795136650987412E-3
0.12302752347367658E-4
0.97119284610928621E-3
0.15642139564917008E-2
0.14443058451636685E-2
0.13082745293013414E-2
0.20042107997233771E-2
0.13605441165848689E-2
0.60991166543532033E-3
0.93048285097963000E-4
0.32669442195717755E-4
0.22470236288432051E-4
0.85314116902953613E-5
0.12101393220112344E-5

