# rank
2
# size
112
32
# lbound
1
1
# entries
0.0000000000000000
0.0000000000000000
0.0000000000000000
0.0000000000000000
0.0000000000000000
0.0000000000000000
0.0000000000000000
0.0000000000000000
0.0000000000000000
0.0000000000000000
0.0000000000000000
0.0000000000000000
0.0000000000000000
0.0000000000000000
0.0000000000000000
0.0000000000000000
0.0000000000000000
0.0000000000000000
0.0000000000000000
0.0000000000000000
0.0000000000000000
0.0000000000000000
0.0000000000000000
0.0000000000000000
0.0000000000000000
0.0000000000000000
0.0000000000000000
0.0000000000000000
0.0000000000000000
0.0000000000000000
0.0000000000000000
0.0000000000000000
0.0000000000000000
0.0000000000000000
0.0000000000000000
0.0000000000000000
0.0000000000000000
0.0000000000000000
0.0000000000000000
0.0000000000000000
0.0000000000000000
0.0000000000000000
0.0000000000000000
0.0000000000000000
0.0000000000000000
0.0000000000000000
0.0000000000000000
0.0000000000000000
0.0000000000000000
0.0000000000000000
0.0000000000000000
0.0000000000000000
0.0000000000000000
0.0000000000000000
0.0000000000000000
0.0000000000000000
0.0000000000000000
0.0000000000000000
0.0000000000000000
0.0000000000000000
0.0000000000000000
0.0000000000000000
0.0000000000000000
0.0000000000000000
0.0000000000000000
0.0000000000000000
0.0000000000000000
0.0000000000000000
0.0000000000000000
0.0000000000000000
0.0000000000000000
0.0000000000000000
0.0000000000000000
0.0000000000000000
0.0000000000000000
0.0000000000000000
0.0000000000000000
0.0000000000000000
0.0000000000000000
0.0000000000000000
0.0000000000000000
0.0000000000000000
0.0000000000000000
0.0000000000000000
0.0000000000000000
0.0000000000000000
0.0000000000000000
0.0000000000000000
0.0000000000000000
0.0000000000000000
0.0000000000000000
0.0000000000000000
0.0000000000000000
0.0000000000000000
0.0000000000000000
0.0000000000000000
0.0000000000000000
0.0000000000000000
0.0000000000000000
0.0000000000000000
0.0000000000000000
0.0000000000000000
0.0000000000000000
0.0000000000000000
0.0000000000000000
0.0000000000000000
0.0000000000000000
0.0000000000000000
0.0000000000000000
0.0000000000000000
0.0000000000000000
0.0000000000000000
0.0000000000000000
0.0000000000000000
0.0000000000000000
0.0000000000000000
0.0000000000000000
0.0000000000000000
0.0000000000000000
0.0000000000000000
0.0000000000000000
0.0000000000000000
0.0000000000000000
0.0000000000000000
0.0000000000000000
0.0000000000000000
0.0000000000000000
0.0000000000000000
0.0000000000000000
0.0000000000000000
0.0000000000000000
0.0000000000000000
0.0000000000000000
0.0000000000000000
0.0000000000000000
0.0000000000000000
0.0000000000000000
0.0000000000000000
0.0000000000000000
0.0000000000000000
0.0000000000000000
0.0000000000000000
0.0000000000000000
0.0000000000000000
0.0000000000000000
0.0000000000000000
0.0000000000000000
0.0000000000000000
0.0000000000000000
0.0000000000000000
0.0000000000000000
0.0000000000000000
0.0000000000000000
0.0000000000000000
0.0000000000000000
0.0000000000000000
0.0000000000000000
0.0000000000000000
0.0000000000000000
0.0000000000000000
0.0000000000000000
0.0000000000000000
0.0000000000000000
0.0000000000000000
0.0000000000000000
0.0000000000000000
0.0000000000000000
0.0000000000000000
0.0000000000000000
0.0000000000000000
0.0000000000000000
0.0000000000000000
0.0000000000000000
0.0000000000000000
0.0000000000000000
0.0000000000000000
0.0000000000000000
0.0000000000000000
0.0000000000000000
0.0000000000000000
0.0000000000000000
0.0000000000000000
0.0000000000000000
0.0000000000000000
0.0000000000000000
0.0000000000000000
0.0000000000000000
0.0000000000000000
0.0000000000000000
0.0000000000000000
0.0000000000000000
0.0000000000000000
0.0000000000000000
0.0000000000000000
0.0000000000000000
0.0000000000000000
0.0000000000000000
0.0000000000000000
0.0000000000000000
0.0000000000000000
0.0000000000000000
0.0000000000000000
0.0000000000000000
0.0000000000000000
0.0000000000000000
0.0000000000000000
0.0000000000000000
0.0000000000000000
0.0000000000000000
0.0000000000000000
0.0000000000000000
0.0000000000000000
0.0000000000000000
0.0000000000000000
0.0000000000000000
0.0000000000000000
0.0000000000000000
0.0000000000000000
0.0000000000000000
0.0000000000000000
0.0000000000000000
0.0000000000000000
0.0000000000000000
0.0000000000000000
0.0000000000000000
0.0000000000000000
0.0000000000000000
0.0000000000000000
0.0000000000000000
0.0000000000000000
0.0000000000000000
0.0000000000000000
0.0000000000000000
0.0000000000000000
0.0000000000000000
0.0000000000000000
0.0000000000000000
0.0000000000000000
0.0000000000000000
0.0000000000000000
0.0000000000000000
0.0000000000000000
0.0000000000000000
0.0000000000000000
0.0000000000000000
0.0000000000000000
0.0000000000000000
0.0000000000000000
0.0000000000000000
0.0000000000000000
0.0000000000000000
0.0000000000000000
0.0000000000000000
0.0000000000000000
0.0000000000000000
0.0000000000000000
0.0000000000000000
0.0000000000000000
0.0000000000000000
0.0000000000000000
0.0000000000000000
0.0000000000000000
0.0000000000000000
0.0000000000000000
0.0000000000000000
0.0000000000000000
0.0000000000000000
0.0000000000000000
0.0000000000000000
0.0000000000000000
0.0000000000000000
0.0000000000000000
0.0000000000000000
0.0000000000000000
0.0000000000000000
0.0000000000000000
0.0000000000000000
0.0000000000000000
0.0000000000000000
0.0000000000000000
0.0000000000000000
0.0000000000000000
0.0000000000000000
0.0000000000000000
0.0000000000000000
0.0000000000000000
0.0000000000000000
0.0000000000000000
0.0000000000000000
0.0000000000000000
0.0000000000000000
0.0000000000000000
0.0000000000000000
0.0000000000000000
0.0000000000000000
0.0000000000000000
0.0000000000000000
0.0000000000000000
0.0000000000000000
0.0000000000000000
0.0000000000000000
0.0000000000000000
0.0000000000000000
0.0000000000000000
0.0000000000000000
0.0000000000000000
0.0000000000000000
0.0000000000000000
0.0000000000000000
0.0000000000000000
0.0000000000000000
0.0000000000000000
0.0000000000000000
0.0000000000000000
0.0000000000000000
0.0000000000000000
0.0000000000000000
0.0000000000000000
0.0000000000000000
0.0000000000000000
0.0000000000000000
0.0000000000000000
0.0000000000000000
0.0000000000000000
0.0000000000000000
0.0000000000000000
0.0000000000000000
0.0000000000000000
0.0000000000000000
0.0000000000000000
0.0000000000000000
0.0000000000000000
0.0000000000000000
0.0000000000000000
0.0000000000000000
0.0000000000000000
0.0000000000000000
0.0000000000000000
0.0000000000000000
0.0000000000000000
0.0000000000000000
0.0000000000000000
0.0000000000000000
0.0000000000000000
0.0000000000000000
0.0000000000000000
0.0000000000000000
0.0000000000000000
0.0000000000000000
0.0000000000000000
0.0000000000000000
0.0000000000000000
0.0000000000000000
0.0000000000000000
0.0000000000000000
0.0000000000000000
0.0000000000000000
0.0000000000000000
0.0000000000000000
0.0000000000000000
0.0000000000000000
0.0000000000000000
0.0000000000000000
0.0000000000000000
0.0000000000000000
0.0000000000000000
0.0000000000000000
0.0000000000000000
0.0000000000000000
0.0000000000000000
0.0000000000000000
0.0000000000000000
0.0000000000000000
0.0000000000000000
0.0000000000000000
0.0000000000000000
0.0000000000000000
0.0000000000000000
0.0000000000000000
0.0000000000000000
0.0000000000000000
0.0000000000000000
0.0000000000000000
0.0000000000000000
0.0000000000000000
0.0000000000000000
0.0000000000000000
0.0000000000000000
0.0000000000000000
0.0000000000000000
0.0000000000000000
0.0000000000000000
0.0000000000000000
0.0000000000000000
0.0000000000000000
0.0000000000000000
0.0000000000000000
0.0000000000000000
0.0000000000000000
0.0000000000000000
0.0000000000000000
0.0000000000000000
0.0000000000000000
0.0000000000000000
0.0000000000000000
0.0000000000000000
0.0000000000000000
0.0000000000000000
0.0000000000000000
0.0000000000000000
0.0000000000000000
0.0000000000000000
0.0000000000000000
0.0000000000000000
0.0000000000000000
0.0000000000000000
0.0000000000000000
0.0000000000000000
0.0000000000000000
0.0000000000000000
0.0000000000000000
0.0000000000000000
0.0000000000000000
0.0000000000000000
0.0000000000000000
0.0000000000000000
0.0000000000000000
0.0000000000000000
0.0000000000000000
0.0000000000000000
0.0000000000000000
0.0000000000000000
0.0000000000000000
0.0000000000000000
0.0000000000000000
0.0000000000000000
0.0000000000000000
0.0000000000000000
0.0000000000000000
0.0000000000000000
0.0000000000000000
0.0000000000000000
0.0000000000000000
0.0000000000000000
0.0000000000000000
0.0000000000000000
0.0000000000000000
0.0000000000000000
0.26685365443437025E-2
0.23591113440869734E-2
0.19670821280209682E-2
0.13185061220661806E-2
0.49750172462573791E-3
0.39898916352085429E-4
0.22651512700233023E-2
0.22081984684307388E-2
0.21405733799080627E-2
0.19462875974779279E-2
0.17301947057715937E-2
0.27707680974108817E-2
0.94498588597633870E-3
0.71033510048957714E-3
0.57762993793996071E-4
0.79366106261609834E-4
0.21560356838300452E-4
0.92400415799123186E-5
0.27826129269228434E-2
0.27366834477241956E-2
0.25595761583826946E-2
0.23242623628328819E-2
0.36905403445956875E-2
0.23393710075587837E-2
0.84636414371378681E-3
0.64180674497207895E-4
0.24684835625792489E-2
0.25108577673352132E-2
0.24304086117788865E-2
0.22759015687207904E-2
0.38650958400283067E-2
0.25911063991718147E-2
0.95912806648413987E-3
0.74489236443290997E-4
0.71028188718713220E-2
0.67959109350996744E-2
0.62303657085330715E-2
0.56208993639864143E-2
0.46546575806401978E-2
0.39841989772088403E-2
0.32312818205614629E-2
0.24334017881149040E-2
0.18211591970006358E-2
0.42418068277807775E-3
0.11347483415781748E-1
0.11439449959051025E-1
0.11128891935252907E-1
0.10254706393412713E-1
0.92528464673399986E-2
0.80552193743310754E-2
0.65759225290126910E-2
0.49510565691702566E-2
0.37296168054339962E-2
0.88018672754417088E-3
0.17102810749443340E-1
0.10630601764704888E-2
0.76880769143913771E-1
0.69658601547692975E-1
0.30002520212154268E-1
0.25851265541879342E-1
0.21085622535028759E-1
0.15853952637786731E-1
0.10756976416055193E-1
0.11691896019721275E-2
0.17332937693432982E-2
0.10685285284739567E-2
0.48539604493464165E-1
0.43240522561411865E-1
0.33288777935814605E-1
0.22435607824049270E-1
0.76204637348465639E-2
0.11170951513266739E-2
0.59544202574871919E-3
0.10013235574120102E-3
0.31155440212234382E-1
0.33407990699351825E-1
0.66384915259862509E-1
0.64403295607045496E-1
0.54749034426885550E-1
0.33074689572531258E-2
0.21181566027414906E-1
0.20744103260133435E-1
0.24343550706364944E-1
0.15933181139896425E-1
0.11670648646173126E-1
0.68420105617110613E-3
0.96465686254080026E-2
0.78801659392929869E-2
0.59899942479290447E-2
0.38233570592054096E-2
0.26149171304746415E-2
0.10824811113534776E-2
0.20374231023513861E-2
0.13072459681162690E-3
0.61149622325929191E-3
0.36121682505253381E-3
0.52077913460111538E-3
0.31249421821542985E-3
0.25750684770911998E-3
0.12280655655670968E-4
0.97119285265764616E-3
0.15642139670385617E-2
0.14443058549020377E-2
0.13082745381225065E-2
0.20042108132369584E-2
0.13605441257584668E-2
0.60991166954770762E-3
0.93048285725349882E-4
0.32669442415994575E-4
0.22470236439939750E-4
0.85314117478192135E-5
0.12101393301707138E-5
0.26685365354154771E-2
0.23591113361940042E-2
0.19670821214396255E-2
0.13185061176548040E-2
0.49750172296122725E-3
0.39898916218594093E-4
0.22651512624446988E-2
0.22081984610426843E-2
0.21405733727462638E-2
0.19462875909661585E-2
0.17301946999828148E-2
0.27707680881406162E-2
0.94498588281466303E-3
0.71033509811298170E-3
0.57762993600736200E-4
0.79366105996071606E-4
0.21560356766165137E-4
0.92400415489975558E-5
0.27826129176129481E-2
0.27366834385679681E-2
0.25595761498190222E-2
0.23242623550565077E-2
0.36905403322481049E-2
0.23393709997318601E-2
0.84636414088207375E-3
0.64180674282476139E-4
0.24683744485462485E-2
0.25080215239557217E-2
0.24322021564884429E-2
0.22752788026733982E-2
0.38661726049570295E-2
0.25912126530052838E-2
0.95968469280947812E-3
0.74525602199400218E-4
0.71028188481071482E-2
0.67959109123623337E-2
0.62303656876878969E-2
0.56208993451803552E-2
0.46546575650669312E-2
0.39841989638787524E-2
0.32312818097504389E-2
0.24334017799733780E-2
0.18211591909075135E-2
0.42418068135888009E-3
0.11346839237824331E-1
0.11439098819322088E-1
0.11129220491132494E-1
0.10254844419822494E-1
0.92529758951877608E-2
0.80553774792323767E-2
0.65760211566281762E-2
0.49511362063287502E-2
0.37296768414835008E-2
0.88018967792309534E-3
0.17103026767956536E-1
0.10628456451843033E-2
0.76880768886690820E-1
0.69658601314633514E-1
0.30002520111773682E-1
0.25851265455387767E-1
0.21085622464481778E-1
0.15853952584743550E-1
0.10756976380065163E-1
0.11691895980603247E-2
0.17332937635441505E-2
0.10685285248989396E-2
0.48539604331063343E-1
0.43240522416740382E-1
0.33288777824439064E-1
0.22435607748985596E-1
0.76204637093504855E-2
0.11170951475891657E-2
0.59544202375652600E-3
0.10013235540618434E-3
0.31155440107996427E-1
0.33407990587577430E-1
0.66384915037755940E-1
0.64403295391568915E-1
0.54749034243709603E-1
0.33074689461871998E-2
0.21181565956546928E-1
0.20744103190729089E-1
0.24343550624917790E-1
0.15933181086588168E-1
0.11670648607126188E-1
0.68420105388194833E-3
0.96465685931331063E-2
0.78801659129280124E-2
0.59899942278880906E-2
0.38233570464134567E-2
0.26149171217258126E-2
0.10824811077317789E-2
0.20374230955347013E-2
0.13072459637425657E-3
0.61134354900617069E-3
0.36117234277643152E-3
0.52073367536778275E-3
0.31248837950507681E-3
0.25774352988589363E-3
0.12292420946643904E-4
0.97119284940828888E-3
0.15642139618051109E-2
0.14443058500697682E-2
0.13082745337453620E-2
0.20042108065313931E-2
0.13605441212064420E-2
0.60991166750710263E-3
0.93048285414034659E-4
0.32669442306691159E-4
0.22470236364760216E-4
0.85314117192753416E-5
0.12101393261219039E-5
0.26685365424942782E-2
0.23591113424519961E-2
0.19670821266576858E-2
0.13185061211523927E-2
0.49750172428094535E-3
0.39898916324433564E-4
0.22651512684534439E-2
0.22081984669003510E-2
0.21405733784245424E-2
0.19462875961290572E-2
0.17301947045724859E-2
0.27707680954906061E-2
0.94498588532141814E-3
0.71033509999728084E-3
0.57762993753963545E-4
0.79366106206605317E-4
0.21560356823358089E-4
0.92400415735085259E-5
0.27826129249943592E-2
0.27366834458275426E-2
0.25595761566087854E-2
0.23242623612220563E-2
0.36905403420379661E-2
0.23393710059374873E-2
0.84636414312721587E-3
0.64180674452727607E-4
0.24688778904838043E-2
0.25117186494079112E-2
0.24297967765650216E-2
0.22763324241337085E-2
0.38643561580080062E-2
0.25910565873193798E-2
0.95885323053004510E-3
0.74480776983707983E-4
0.71028188669487275E-2
0.67959109303897813E-2
0.62303657042151288E-2
0.56208993600908612E-2
0.46546575774142965E-2
0.39841989744475986E-2
0.32312818183220294E-2
0.24334017864284397E-2
0.18211591957384850E-2
0.42418068248410018E-3
0.11347774103393535E-1
0.11439608400537817E-1
0.11128743635968425E-1
0.10254644080553758E-1
0.92527880371536947E-2
0.80551480050470702E-2
0.65758780046339532E-2
0.49510206186197409E-2
0.37295897034055744E-2
0.88018539412160451E-3
0.17102724102579410E-1
0.10631461900758629E-2
0.76880769090631712E-1
0.69658601499416217E-1
0.30002520191361081E-1
0.25851265523963173E-1
0.21085622520415410E-1
0.15853952626799180E-1
0.10756976408600093E-1
0.11691896011618230E-2
0.17332937681420425E-2
0.10685285277334151E-2
0.48539604459823894E-1
0.43240522531444107E-1
0.33288777912743886E-1
0.22435607808500319E-1
0.76204637295652173E-2
0.11170951505524733E-2
0.59544202533604929E-3
0.10013235567180449E-3
0.31155440190642165E-1
0.33407990676198485E-1
0.66384915213854576E-1
0.64403295562410923E-1
0.54749034388941846E-1
0.33074689549608912E-2
0.21181566012735065E-1
0.20744103245756776E-1
0.24343550689493697E-1
0.15933181128853967E-1
0.11670648638084806E-1
0.68420105569692196E-3
0.96465686187224686E-2
0.78801659338316541E-2
0.59899942437776910E-2
0.38233570565556394E-2
0.26149171286623785E-2
0.10824811106032663E-2
0.20374231009393541E-2
0.13072459672102847E-3
0.61156630491338341E-3
0.36123724322476328E-3
0.52080000087648842E-3
0.31249689769864388E-3
0.25739820143567114E-3
0.12275254933219209E-4
0.97119285198456293E-3
0.15642139659544864E-2
0.14443058539010646E-2
0.13082745372158095E-2
0.20042108118479441E-2
0.13605441248155444E-2
0.60991166912500951E-3
0.93048285660862960E-4
0.32669442393353079E-4
0.22470236424366799E-4
0.85314117419065356E-5
0.12101393293320290E-5
0.0000000000000000
0.0000000000000000
0.0000000000000000
0.0000000000000000
0.0000000000000000
0.0000000000000000
0.0000000000000000
0.0000000000000000
0.0000000000000000
0.0000000000000000
0.0000000000000000
0.0000000000000000
0.0000000000000000
0.0000000000000000
0.0000000000000000
0.0000000000000000
0.0000000000000000
0.0000000000000000
0.0000000000000000
0.0000000000000000
0.0000000000000000
0.0000000000000000
0.0000000000000000
0.0000000000000000
0.0000000000000000
0.0000000000000000
0.0000000000000000
0.0000000000000000
0.0000000000000000
0.0000000000000000
0.0000000000000000
0.0000000000000000
0.0000000000000000
0.0000000000000000
0.0000000000000000
0.0000000000000000
0.0000000000000000
0.0000000000000000
0.0000000000000000
0.0000000000000000
0.0000000000000000
0.0000000000000000
0.0000000000000000
0.0000000000000000
0.0000000000000000
0.0000000000000000
0.0000000000000000
0.0000000000000000
0.0000000000000000
0.0000000000000000
0.0000000000000000
0.0000000000000000
0.0000000000000000
0.0000000000000000
0.0000000000000000
0.0000000000000000
0.0000000000000000
0.0000000000000000
0.0000000000000000
0.0000000000000000
0.0000000000000000
0.0000000000000000
0.0000000000000000
0.0000000000000000
0.0000000000000000
0.0000000000000000
0.0000000000000000
0.0000000000000000
0.0000000000000000
0.0000000000000000
0.0000000000000000
0.0000000000000000
0.0000000000000000
0.0000000000000000
0.0000000000000000
0.0000000000000000
0.0000000000000000
0.0000000000000000
0.0000000000000000
0.0000000000000000
0.0000000000000000
0.0000000000000000
0.0000000000000000
0.0000000000000000
0.0000000000000000
0.0000000000000000
0.0000000000000000
0.0000000000000000
0.0000000000000000
0.0000000000000000
0.0000000000000000
0.0000000000000000
0.0000000000000000
0.0000000000000000
0.0000000000000000
0.0000000000000000
0.0000000000000000
0.0000000000000000
0.0000000000000000
0.0000000000000000
0.0000000000000000
0.0000000000000000
0.0000000000000000
0.0000000000000000
0.0000000000000000
0.0000000000000000
0.0000000000000000
0.0000000000000000
0.0000000000000000
0.0000000000000000
0.0000000000000000
0.0000000000000000
0.0000000000000000
0.0000000000000000
0.0000000000000000
0.0000000000000000
0.0000000000000000
0.0000000000000000
0.0000000000000000
0.0000000000000000
0.0000000000000000
0.0000000000000000
0.0000000000000000
0.0000000000000000
0.0000000000000000
0.0000000000000000
0.0000000000000000
0.0000000000000000
0.0000000000000000
0.0000000000000000
0.0000000000000000
0.0000000000000000
0.0000000000000000
0.0000000000000000
0.0000000000000000
0.0000000000000000
0.0000000000000000
0.0000000000000000
0.0000000000000000
0.0000000000000000
0.0000000000000000
0.0000000000000000
0.0000000000000000
0.0000000000000000
0.0000000000000000
0.0000000000000000
0.0000000000000000
0.0000000000000000
0.0000000000000000
0.0000000000000000
0.0000000000000000
0.0000000000000000
0.0000000000000000
0.0000000000000000
0.0000000000000000
0.0000000000000000
0.0000000000000000
0.0000000000000000
0.0000000000000000
0.0000000000000000
0.0000000000000000
0.0000000000000000
0.0000000000000000
0.0000000000000000
0.0000000000000000
0.0000000000000000
0.0000000000000000
0.0000000000000000
0.0000000000000000
0.0000000000000000
0.0000000000000000
0.0000000000000000
0.0000000000000000
0.0000000000000000
0.0000000000000000
0.0000000000000000
0.0000000000000000
0.0000000000000000
0.0000000000000000
0.0000000000000000
0.0000000000000000
0.0000000000000000
0.0000000000000000
0.0000000000000000
0.0000000000000000
0.0000000000000000
0.0000000000000000
0.0000000000000000
0.0000000000000000
0.0000000000000000
0.0000000000000000
0.0000000000000000
0.0000000000000000
0.0000000000000000
0.0000000000000000
0.0000000000000000
0.0000000000000000
0.0000000000000000
0.0000000000000000
0.0000000000000000
0.0000000000000000
0.0000000000000000
0.0000000000000000
0.0000000000000000
0.0000000000000000
0.0000000000000000
0.0000000000000000
0.0000000000000000
0.0000000000000000
0.0000000000000000
0.0000000000000000
0.0000000000000000
0.0000000000000000
0.0000000000000000
0.0000000000000000
0.0000000000000000
0.0000000000000000
0.0000000000000000
0.0000000000000000
0.0000000000000000
0.0000000000000000
0.0000000000000000
0.0000000000000000
0.0000000000000000
0.0000000000000000
0.0000000000000000
0.0000000000000000
0.0000000000000000
0.0000000000000000
0.0000000000000000
0.0000000000000000
0.0000000000000000
0.0000000000000000
0.0000000000000000
0.0000000000000000
0.0000000000000000
0.0000000000000000
0.0000000000000000
0.0000000000000000
0.0000000000000000
0.0000000000000000
0.0000000000000000
0.0000000000000000
0.0000000000000000
0.0000000000000000
0.0000000000000000
0.0000000000000000
0.0000000000000000
0.0000000000000000
0.0000000000000000
0.0000000000000000
0.0000000000000000
0.0000000000000000
0.0000000000000000
0.0000000000000000
0.0000000000000000
0.0000000000000000
0.0000000000000000
0.0000000000000000
0.0000000000000000
0.0000000000000000
0.0000000000000000
0.0000000000000000
0.0000000000000000
0.0000000000000000
0.0000000000000000
0.0000000000000000
0.0000000000000000
0.0000000000000000
0.0000000000000000
0.0000000000000000
0.0000000000000000
0.0000000000000000
0.0000000000000000
0.0000000000000000
0.0000000000000000
0.0000000000000000
0.0000000000000000
0.0000000000000000
0.0000000000000000
0.0000000000000000
0.0000000000000000
0.0000000000000000
0.0000000000000000
0.0000000000000000
0.0000000000000000
0.0000000000000000
0.0000000000000000
0.0000000000000000
0.0000000000000000
0.0000000000000000
0.0000000000000000
0.0000000000000000
0.0000000000000000
0.0000000000000000
0.0000000000000000
0.0000000000000000
0.0000000000000000
0.0000000000000000
0.0000000000000000
0.0000000000000000
0.0000000000000000
0.0000000000000000
0.0000000000000000
0.0000000000000000
0.0000000000000000
0.0000000000000000
0.0000000000000000
0.0000000000000000
0.0000000000000000
0.0000000000000000
0.0000000000000000
0.0000000000000000
0.0000000000000000
0.0000000000000000
0.0000000000000000
0.0000000000000000
0.0000000000000000
0.0000000000000000
0.0000000000000000
0.0000000000000000
0.0000000000000000
0.0000000000000000
0.0000000000000000
0.0000000000000000
0.0000000000000000
0.0000000000000000
0.0000000000000000
0.0000000000000000
0.0000000000000000
0.0000000000000000
0.0000000000000000
0.0000000000000000
0.0000000000000000
0.0000000000000000
0.0000000000000000
0.0000000000000000
0.0000000000000000
0.0000000000000000
0.0000000000000000
0.0000000000000000
0.0000000000000000
0.0000000000000000
0.0000000000000000
0.0000000000000000
0.0000000000000000
0.0000000000000000
0.0000000000000000
0.0000000000000000
0.0000000000000000
0.0000000000000000
0.0000000000000000
0.0000000000000000
0.0000000000000000
0.0000000000000000
0.0000000000000000
0.0000000000000000
0.0000000000000000
0.0000000000000000
0.0000000000000000
0.0000000000000000
0.0000000000000000
0.0000000000000000
0.0000000000000000
0.0000000000000000
0.0000000000000000
0.0000000000000000
0.0000000000000000
0.0000000000000000
0.0000000000000000
0.0000000000000000
0.0000000000000000
0.0000000000000000
0.0000000000000000
0.0000000000000000
0.0000000000000000
0.0000000000000000
0.0000000000000000
0.0000000000000000
0.0000000000000000
0.0000000000000000
0.0000000000000000
0.0000000000000000
0.0000000000000000
0.0000000000000000
0.0000000000000000
0.0000000000000000
0.0000000000000000
0.0000000000000000
0.0000000000000000
0.0000000000000000
0.0000000000000000
0.0000000000000000
0.0000000000000000
0.0000000000000000
0.0000000000000000
0.0000000000000000
0.0000000000000000
0.0000000000000000
0.0000000000000000
0.0000000000000000
0.0000000000000000
0.0000000000000000
0.0000000000000000
0.0000000000000000
0.0000000000000000
0.0000000000000000
0.0000000000000000
0.0000000000000000
0.0000000000000000
0.0000000000000000
0.0000000000000000
0.0000000000000000
0.0000000000000000
0.0000000000000000
0.0000000000000000
0.0000000000000000
0.0000000000000000
0.0000000000000000
0.0000000000000000
0.0000000000000000
0.0000000000000000
0.0000000000000000
0.0000000000000000
0.0000000000000000
0.0000000000000000
0.0000000000000000
0.0000000000000000
0.0000000000000000
0.0000000000000000
0.0000000000000000
0.0000000000000000
0.0000000000000000
0.0000000000000000
0.0000000000000000
0.0000000000000000
0.0000000000000000
0.0000000000000000
0.0000000000000000
0.0000000000000000
0.0000000000000000
0.0000000000000000
0.0000000000000000
0.0000000000000000
0.0000000000000000
0.0000000000000000
0.0000000000000000
0.0000000000000000
0.0000000000000000
0.0000000000000000
0.0000000000000000
0.0000000000000000
0.0000000000000000
0.0000000000000000
0.0000000000000000
0.0000000000000000
0.0000000000000000
0.0000000000000000
0.0000000000000000
0.0000000000000000
0.0000000000000000
0.0000000000000000
0.0000000000000000
0.0000000000000000
0.0000000000000000
0.0000000000000000
0.0000000000000000
0.0000000000000000
0.0000000000000000
0.0000000000000000
0.0000000000000000
0.0000000000000000
0.0000000000000000
0.0000000000000000
0.0000000000000000
0.0000000000000000
0.0000000000000000
0.0000000000000000
0.0000000000000000
0.0000000000000000
0.0000000000000000
0.0000000000000000
0.0000000000000000
0.0000000000000000
0.0000000000000000
0.0000000000000000
0.0000000000000000
0.0000000000000000
0.0000000000000000
0.0000000000000000
0.0000000000000000
0.0000000000000000
0.0000000000000000
0.0000000000000000
0.0000000000000000
0.0000000000000000
0.0000000000000000
0.0000000000000000
0.0000000000000000
0.0000000000000000
0.0000000000000000
0.0000000000000000
0.0000000000000000
0.0000000000000000
0.0000000000000000
0.0000000000000000
0.0000000000000000
0.0000000000000000
0.0000000000000000
0.0000000000000000
0.0000000000000000
0.0000000000000000
0.0000000000000000
0.0000000000000000
0.0000000000000000
0.0000000000000000
0.0000000000000000
0.0000000000000000
0.0000000000000000
0.0000000000000000
0.0000000000000000
0.0000000000000000
0.0000000000000000
0.0000000000000000
0.0000000000000000
0.0000000000000000
0.0000000000000000
0.0000000000000000
0.0000000000000000
0.0000000000000000
0.0000000000000000
0.0000000000000000
0.0000000000000000
0.0000000000000000
0.0000000000000000
0.0000000000000000
0.0000000000000000
0.0000000000000000
0.0000000000000000
0.0000000000000000
0.0000000000000000
0.0000000000000000
0.0000000000000000
0.0000000000000000
0.0000000000000000
0.0000000000000000
0.0000000000000000
0.0000000000000000
0.0000000000000000
0.0000000000000000
0.0000000000000000
0.0000000000000000
0.0000000000000000
0.0000000000000000
0.0000000000000000
0.0000000000000000
0.0000000000000000
0.0000000000000000
0.0000000000000000
0.0000000000000000
0.0000000000000000
0.0000000000000000
0.0000000000000000
0.0000000000000000
0.0000000000000000
0.0000000000000000
0.0000000000000000
0.0000000000000000
0.0000000000000000
0.0000000000000000
0.0000000000000000
0.0000000000000000
0.0000000000000000
0.0000000000000000
0.0000000000000000
0.0000000000000000
0.0000000000000000
0.0000000000000000
0.0000000000000000
0.0000000000000000
0.0000000000000000
0.0000000000000000
0.0000000000000000
0.0000000000000000
0.0000000000000000
0.0000000000000000
0.0000000000000000
0.0000000000000000
0.0000000000000000
0.0000000000000000
0.0000000000000000
0.0000000000000000
0.0000000000000000
0.0000000000000000
0.0000000000000000
0.0000000000000000
0.0000000000000000
0.0000000000000000
0.0000000000000000
0.0000000000000000
0.0000000000000000
0.0000000000000000
0.0000000000000000
0.0000000000000000
0.0000000000000000
0.0000000000000000
0.0000000000000000
0.0000000000000000
0.0000000000000000
0.0000000000000000
0.0000000000000000
0.0000000000000000
0.0000000000000000
0.0000000000000000
0.0000000000000000
0.0000000000000000
0.0000000000000000
0.0000000000000000
0.0000000000000000
0.0000000000000000
0.0000000000000000
0.0000000000000000
0.0000000000000000
0.0000000000000000
0.0000000000000000
0.0000000000000000
0.0000000000000000
0.0000000000000000
0.0000000000000000
0.0000000000000000
0.0000000000000000
0.0000000000000000
0.0000000000000000
0.0000000000000000
0.0000000000000000
0.0000000000000000
0.0000000000000000
0.0000000000000000
0.0000000000000000
0.0000000000000000
0.0000000000000000
0.0000000000000000
0.0000000000000000
0.0000000000000000
0.0000000000000000
0.0000000000000000
0.0000000000000000
0.0000000000000000
0.0000000000000000
0.0000000000000000
0.0000000000000000
0.0000000000000000
0.0000000000000000
0.0000000000000000
0.0000000000000000
0.0000000000000000
0.0000000000000000
0.0000000000000000
0.0000000000000000
0.0000000000000000
0.0000000000000000
0.0000000000000000
0.0000000000000000
0.0000000000000000
0.0000000000000000
0.0000000000000000
0.0000000000000000
0.0000000000000000
0.0000000000000000
0.0000000000000000
0.0000000000000000
0.0000000000000000
0.0000000000000000
0.0000000000000000
0.0000000000000000
0.0000000000000000
0.0000000000000000
0.0000000000000000
0.0000000000000000
0.0000000000000000
0.0000000000000000
0.0000000000000000
0.0000000000000000
0.0000000000000000
0.0000000000000000
0.0000000000000000
0.0000000000000000
0.0000000000000000
0.0000000000000000
0.0000000000000000
0.0000000000000000
0.0000000000000000
0.0000000000000000
0.0000000000000000
0.0000000000000000
0.0000000000000000
0.0000000000000000
0.0000000000000000
0.0000000000000000
0.0000000000000000
0.0000000000000000
0.0000000000000000
0.0000000000000000
0.0000000000000000
0.0000000000000000
0.0000000000000000
0.0000000000000000
0.0000000000000000
0.0000000000000000
0.0000000000000000
0.0000000000000000
0.0000000000000000
0.0000000000000000
0.0000000000000000
0.0000000000000000
0.0000000000000000
0.0000000000000000
0.0000000000000000
0.0000000000000000
0.0000000000000000
0.0000000000000000
0.0000000000000000
0.0000000000000000
0.0000000000000000
0.0000000000000000
0.0000000000000000
0.0000000000000000
0.0000000000000000
0.0000000000000000
0.0000000000000000
0.0000000000000000
0.0000000000000000
0.0000000000000000
0.0000000000000000
0.0000000000000000
0.0000000000000000
0.0000000000000000
0.0000000000000000
0.0000000000000000
0.0000000000000000
0.0000000000000000
0.0000000000000000
0.0000000000000000
0.0000000000000000
0.0000000000000000
0.0000000000000000
0.0000000000000000
0.0000000000000000
0.0000000000000000
0.0000000000000000
0.0000000000000000
0.0000000000000000
0.0000000000000000
0.0000000000000000
0.0000000000000000
0.0000000000000000
0.0000000000000000
0.0000000000000000
0.0000000000000000
0.0000000000000000
0.0000000000000000
0.0000000000000000
0.0000000000000000
0.0000000000000000
0.0000000000000000
0.0000000000000000
0.0000000000000000
0.0000000000000000
0.0000000000000000
0.0000000000000000
0.0000000000000000
0.0000000000000000
0.0000000000000000
0.0000000000000000
0.0000000000000000
0.0000000000000000
0.0000000000000000
0.0000000000000000
0.0000000000000000
0.0000000000000000
0.0000000000000000
0.0000000000000000
0.0000000000000000
0.0000000000000000
0.0000000000000000
0.0000000000000000
0.0000000000000000
0.0000000000000000
0.0000000000000000
0.0000000000000000
0.0000000000000000
0.0000000000000000
0.0000000000000000
0.0000000000000000
0.0000000000000000
0.0000000000000000
0.0000000000000000
0.0000000000000000
0.0000000000000000
0.0000000000000000
0.0000000000000000
0.0000000000000000
0.0000000000000000
0.0000000000000000
0.0000000000000000
0.0000000000000000
0.0000000000000000
0.0000000000000000
0.0000000000000000
0.0000000000000000
0.0000000000000000
0.0000000000000000
0.0000000000000000
0.0000000000000000
0.0000000000000000
0.0000000000000000
0.0000000000000000
0.0000000000000000
0.0000000000000000
0.0000000000000000
0.0000000000000000
0.0000000000000000
0.0000000000000000
0.0000000000000000
0.0000000000000000
0.0000000000000000
0.0000000000000000
0.0000000000000000
0.0000000000000000
0.0000000000000000
0.0000000000000000
0.0000000000000000
0.0000000000000000
0.0000000000000000
0.0000000000000000
0.0000000000000000
0.0000000000000000
0.0000000000000000
0.0000000000000000
0.0000000000000000
0.0000000000000000
0.0000000000000000
0.0000000000000000
0.0000000000000000
0.0000000000000000
0.0000000000000000
0.0000000000000000
0.0000000000000000
0.0000000000000000
0.0000000000000000
0.0000000000000000
0.0000000000000000
0.0000000000000000
0.0000000000000000
0.0000000000000000
0.0000000000000000
0.0000000000000000
0.0000000000000000
0.0000000000000000
0.0000000000000000
0.0000000000000000
0.0000000000000000
0.0000000000000000
0.0000000000000000
0.0000000000000000
0.0000000000000000
0.0000000000000000
0.0000000000000000
0.0000000000000000
0.0000000000000000
0.0000000000000000
0.0000000000000000
0.0000000000000000
0.0000000000000000
0.0000000000000000
0.0000000000000000
0.0000000000000000
0.0000000000000000
0.0000000000000000
0.0000000000000000
0.0000000000000000
0.0000000000000000
0.0000000000000000
0.0000000000000000
0.0000000000000000
0.0000000000000000
0.0000000000000000
0.0000000000000000
0.0000000000000000
0.0000000000000000
0.0000000000000000
0.0000000000000000
0.0000000000000000
0.0000000000000000
0.0000000000000000
0.0000000000000000
0.0000000000000000
0.0000000000000000
0.0000000000000000
0.0000000000000000
0.0000000000000000
0.0000000000000000
0.0000000000000000
0.0000000000000000
0.0000000000000000
0.0000000000000000
0.0000000000000000
0.0000000000000000
0.0000000000000000
0.0000000000000000
0.0000000000000000
0.0000000000000000
0.0000000000000000
0.0000000000000000
0.0000000000000000
0.0000000000000000
0.0000000000000000
0.0000000000000000
0.0000000000000000
0.0000000000000000
0.0000000000000000
0.0000000000000000
0.0000000000000000
0.0000000000000000
0.0000000000000000
0.0000000000000000
0.0000000000000000
0.0000000000000000
0.0000000000000000
0.0000000000000000
0.0000000000000000
0.0000000000000000
0.0000000000000000
0.0000000000000000
0.0000000000000000
0.0000000000000000
0.0000000000000000
0.0000000000000000
0.0000000000000000
0.0000000000000000
0.0000000000000000
0.0000000000000000
0.0000000000000000
0.0000000000000000
0.0000000000000000
0.0000000000000000
0.0000000000000000
0.0000000000000000
0.0000000000000000
0.0000000000000000
0.0000000000000000
0.0000000000000000
0.0000000000000000
0.0000000000000000
0.0000000000000000
0.0000000000000000
0.0000000000000000
0.0000000000000000
0.0000000000000000
0.0000000000000000
0.0000000000000000
0.0000000000000000
0.0000000000000000
0.0000000000000000
0.0000000000000000
0.0000000000000000
0.0000000000000000
0.0000000000000000
0.0000000000000000
0.0000000000000000
0.0000000000000000
0.0000000000000000
0.0000000000000000
0.0000000000000000
0.0000000000000000
0.0000000000000000
0.0000000000000000
0.0000000000000000
0.0000000000000000
0.0000000000000000
0.0000000000000000
0.0000000000000000
0.0000000000000000
0.0000000000000000
0.0000000000000000
0.0000000000000000
0.0000000000000000
0.0000000000000000
0.0000000000000000
0.0000000000000000
0.0000000000000000
0.0000000000000000
0.0000000000000000
0.0000000000000000
0.0000000000000000
0.0000000000000000
0.0000000000000000
0.0000000000000000
0.0000000000000000
0.0000000000000000
0.0000000000000000
0.0000000000000000
0.0000000000000000
0.0000000000000000
0.0000000000000000
0.0000000000000000
0.0000000000000000
0.0000000000000000
0.0000000000000000
0.0000000000000000
0.0000000000000000
0.0000000000000000
0.0000000000000000
0.0000000000000000
0.0000000000000000
0.0000000000000000
0.0000000000000000
0.0000000000000000
0.0000000000000000
0.0000000000000000
0.0000000000000000
0.0000000000000000
0.0000000000000000
0.0000000000000000
0.0000000000000000
0.0000000000000000
0.0000000000000000
0.0000000000000000
0.0000000000000000
0.0000000000000000
0.0000000000000000
0.0000000000000000
0.0000000000000000
0.0000000000000000
0.0000000000000000
0.0000000000000000
0.0000000000000000
0.0000000000000000
0.0000000000000000
0.0000000000000000
0.0000000000000000
0.0000000000000000
0.0000000000000000
0.0000000000000000
0.0000000000000000
0.0000000000000000
0.0000000000000000
0.0000000000000000
0.0000000000000000
0.0000000000000000
0.0000000000000000
0.0000000000000000
0.0000000000000000
0.0000000000000000
0.0000000000000000
0.0000000000000000
0.0000000000000000
0.0000000000000000
0.0000000000000000
0.0000000000000000
0.0000000000000000
0.0000000000000000
0.0000000000000000
0.0000000000000000
0.0000000000000000
0.0000000000000000
0.0000000000000000
0.0000000000000000
0.0000000000000000
0.0000000000000000
0.0000000000000000
0.0000000000000000
0.0000000000000000
0.0000000000000000
0.0000000000000000
0.0000000000000000
0.0000000000000000
0.0000000000000000
0.0000000000000000
0.0000000000000000
0.0000000000000000
0.0000000000000000
0.0000000000000000
0.0000000000000000
0.0000000000000000
0.0000000000000000
0.0000000000000000
0.0000000000000000
0.0000000000000000
0.0000000000000000
0.0000000000000000
0.0000000000000000
0.0000000000000000
0.0000000000000000
0.0000000000000000
0.0000000000000000
0.0000000000000000
0.0000000000000000
0.0000000000000000
0.0000000000000000
0.0000000000000000
0.0000000000000000
0.0000000000000000
0.0000000000000000
0.0000000000000000
0.0000000000000000
0.0000000000000000
0.0000000000000000
0.0000000000000000
0.0000000000000000
0.0000000000000000
0.0000000000000000
0.0000000000000000
0.0000000000000000
0.0000000000000000
0.0000000000000000
0.0000000000000000
0.0000000000000000
0.0000000000000000
0.0000000000000000
0.26685365215137311E-2
0.23591113239042091E-2
0.19670821111921078E-2
0.13185061107860439E-2
0.49750172036949107E-3
0.39898916010740610E-4
0.22651512506443889E-2
0.22081984495390702E-2
0.21405733615949430E-2
0.19462875808269697E-2
0.17301946909693622E-2
0.27707680737062948E-2
0.94498587789175730E-3
0.71033509441248974E-3
0.57762993299819777E-4
0.79366105582613723E-4
0.21560356653846417E-4
0.92400415008615424E-5
0.27826129031169209E-2
0.27366834243112109E-2
0.25595761364849054E-2
0.23242623429482584E-2
0.36905403130222279E-2
0.23393709875449025E-2
0.84636413647293815E-3
0.64180673948126797E-4
0.24711649266112769E-2
0.25167116330143619E-2
0.24262482102368572E-2
0.22788313153406605E-2
0.38600660929212849E-2
0.25907676757221079E-2
0.95725921750399205E-3
0.74431713038262772E-4
0.71028188111049995E-2
0.67959108769590224E-2
0.62303656552307957E-2
0.56208993158982697E-2
0.46546575408184833E-2
0.39841989431230601E-2
0.32312817929170705E-2
0.24334017672965670E-2
0.18211591814201813E-2
0.42418067914911002E-3
0.11343258713703074E-1
0.11437147155276668E-1
0.11131046924541988E-1
0.10255611779665944E-1
0.92536954463397891E-2
0.80562564163254961E-2
0.65765694682357939E-2
0.49515789373485025E-2
0.37300106029950707E-2
0.88020608944707206E-3
0.17102315285108614E-1
0.10635519368448424E-2
0.76880768486180320E-1
0.69658600951746905E-1
0.30002519955475496E-1
0.25851265320715553E-1
0.21085622354636190E-1
0.15853952502152355E-1
0.10756976324026675E-1
0.11691895919694294E-2
0.17332937545145534E-2
0.10685285193324384E-2
0.48537777071032004E-1
0.43236434498157075E-1
0.33292623639986522E-1
0.22437787899484522E-1
0.76203675479284980E-2
0.11170799047628753E-2
0.59544200497402755E-3
0.10013237728531911E-3
0.31155439945692101E-1
0.33407990413538438E-1
0.66384914691923605E-1
0.64403295056059823E-1
0.54749033958494404E-1
0.33074689289569340E-2
0.21181565846201521E-1
0.20744103082662644E-1
0.24343550498100018E-1
0.15933181003584231E-1
0.11670648546327923E-1
0.68420105031760171E-3
0.96465685428792896E-2
0.78801658718762740E-2
0.59899941966832038E-2
0.38233570264956710E-2
0.26149171081033969E-2
0.10824811020925915E-2
0.20374230849207415E-2
0.13072459569324655E-3
0.61044514511142715E-3
0.36091059173040999E-3
0.52046617772009008E-3
0.31245402609616862E-3
0.25913629159771308E-3
0.12361654064395281E-4
0.97119284434885793E-3
0.15642139536563354E-2
0.14443058425456540E-2
0.13082745269299035E-2
0.20042107960904533E-2
0.13605441141186848E-2
0.60991166432976664E-3
0.93048284929299441E-4
0.32669442136499642E-4
0.22470236247701476E-4
0.85314116748309367E-5
0.12101393198176808E-5
0.0000000000000000
0.0000000000000000
0.0000000000000000
0.0000000000000000
0.0000000000000000
0.0000000000000000
0.0000000000000000
0.0000000000000000
0.0000000000000000
0.0000000000000000
0.0000000000000000
0.0000000000000000
0.0000000000000000
0.0000000000000000
0.0000000000000000
0.0000000000000000
0.0000000000000000
0.0000000000000000
0.0000000000000000
0.0000000000000000
0.0000000000000000
0.0000000000000000
0.0000000000000000
0.0000000000000000
0.0000000000000000
0.0000000000000000
0.0000000000000000
0.0000000000000000
0.0000000000000000
0.0000000000000000
0.0000000000000000
0.0000000000000000
0.0000000000000000
0.0000000000000000
0.0000000000000000
0.0000000000000000
0.0000000000000000
0.0000000000000000
0.0000000000000000
0.0000000000000000
0.0000000000000000
0.0000000000000000
0.0000000000000000
0.0000000000000000
0.0000000000000000
0.0000000000000000
0.0000000000000000
0.0000000000000000
0.0000000000000000
0.0000000000000000
0.0000000000000000
0.0000000000000000
0.0000000000000000
0.0000000000000000
0.0000000000000000
0.0000000000000000
0.0000000000000000
0.0000000000000000
0.0000000000000000
0.0000000000000000
0.0000000000000000
0.0000000000000000
0.0000000000000000
0.0000000000000000
0.0000000000000000
0.0000000000000000
0.0000000000000000
0.0000000000000000
0.0000000000000000
0.0000000000000000
0.0000000000000000
0.0000000000000000
0.0000000000000000
0.0000000000000000
0.0000000000000000
0.0000000000000000
0.0000000000000000
0.0000000000000000
0.0000000000000000
0.0000000000000000
0.0000000000000000
0.0000000000000000
0.0000000000000000
0.0000000000000000
0.0000000000000000
0.0000000000000000
0.0000000000000000
0.0000000000000000
0.0000000000000000
0.0000000000000000
0.0000000000000000
0.0000000000000000
0.0000000000000000
0.0000000000000000
0.0000000000000000
0.0000000000000000
0.0000000000000000
0.0000000000000000
0.0000000000000000
0.0000000000000000
0.0000000000000000
0.0000000000000000
0.0000000000000000
0.0000000000000000
0.0000000000000000
0.0000000000000000
0.0000000000000000
0.0000000000000000
0.0000000000000000
0.0000000000000000
0.0000000000000000
0.0000000000000000
0.0000000000000000
0.0000000000000000
0.0000000000000000
0.0000000000000000
0.0000000000000000
0.0000000000000000
0.0000000000000000
0.0000000000000000
0.0000000000000000
0.0000000000000000
0.0000000000000000
0.0000000000000000
0.0000000000000000
0.0000000000000000
0.0000000000000000
0.0000000000000000
0.0000000000000000
0.0000000000000000
0.0000000000000000
0.0000000000000000
0.0000000000000000
0.0000000000000000
0.0000000000000000
0.0000000000000000
0.0000000000000000
0.0000000000000000
0.0000000000000000
0.0000000000000000
0.0000000000000000
0.0000000000000000
0.0000000000000000
0.0000000000000000
0.0000000000000000
0.0000000000000000
0.0000000000000000
0.0000000000000000
0.0000000000000000
0.0000000000000000
0.0000000000000000
0.0000000000000000
0.0000000000000000
0.0000000000000000
0.0000000000000000
0.0000000000000000
0.0000000000000000
0.0000000000000000
0.0000000000000000
0.0000000000000000
0.0000000000000000
0.0000000000000000
0.0000000000000000
0.0000000000000000
0.0000000000000000
0.0000000000000000
0.0000000000000000
0.0000000000000000
0.0000000000000000
0.0000000000000000
0.0000000000000000
0.0000000000000000
0.0000000000000000
0.0000000000000000
0.0000000000000000
0.0000000000000000
0.0000000000000000
0.0000000000000000
0.0000000000000000
0.0000000000000000
0.0000000000000000
0.0000000000000000
0.0000000000000000
0.0000000000000000
0.0000000000000000
0.0000000000000000
0.0000000000000000
0.0000000000000000
0.0000000000000000
0.0000000000000000
0.0000000000000000
0.0000000000000000
0.0000000000000000
0.0000000000000000
0.0000000000000000
0.0000000000000000
0.0000000000000000
0.0000000000000000
0.0000000000000000
0.0000000000000000
0.0000000000000000
0.0000000000000000
0.0000000000000000
0.0000000000000000
0.0000000000000000
0.0000000000000000
0.0000000000000000
0.0000000000000000
0.0000000000000000
0.0000000000000000
0.0000000000000000
0.0000000000000000
0.0000000000000000
0.0000000000000000
0.0000000000000000
0.0000000000000000
0.0000000000000000
0.0000000000000000
0.0000000000000000
0.0000000000000000
0.0000000000000000
0.0000000000000000
0.0000000000000000
0.0000000000000000
0.26685365364060381E-2
0.23591113370697065E-2
0.19670821221698070E-2
0.13185061181442337E-2
0.49750172314589995E-3
0.39898916233404573E-4
0.22651512632855231E-2
0.22081984618623680E-2
0.21405733735408452E-2
0.19462875916886209E-2
0.17301947006250634E-2
0.27707680891691259E-2
0.94498588316544200E-3
0.71033509837665825E-3
0.57762993622177836E-4
0.79366106025532319E-4
0.21560356774168345E-4
0.92400415524274615E-5
0.27826129186458545E-2
0.27366834395838257E-2
0.25595761507691372E-2
0.23242623559192742E-2
0.36905403336180342E-2
0.23393710006002350E-2
0.84636414119624421E-3
0.64180674306300018E-4
0.24700664037893127E-2
0.25143133681804894E-2
0.24279526900583583E-2
0.22776310322643639E-2
0.38621267378779107E-2
0.25909064526999223E-2
0.95802486817466207E-3
0.74455279954874364E-4
0.71028188507437154E-2
0.67959109148849764E-2
0.62303656900006103E-2
0.56208993472668337E-2
0.46546575667947409E-2
0.39841989653576874E-2
0.32312818109498914E-2
0.24334017808766571E-2
0.18211591915835281E-2
0.42418068151633606E-3
0.11348726543015336E-1
0.11440127534918765E-1
0.11128257732333774E-1
0.10254439911979231E-1
0.92525965901906655E-2
0.80549141630638678E-2
0.65757321201634113E-2
0.49509028263673774E-2
0.37295009034032174E-2
0.88018102514495465E-3
0.17102494957660336E-1
0.10633736521939831E-2
0.76880768915228978E-1
0.69658601340490803E-1
0.30002520122910624E-1
0.25851265464983762E-1
0.21085622472308767E-1
0.15853952590628540E-1
0.10756976384058155E-1
0.11691895984943283E-2
0.17332937641875495E-2
0.10685285252955777E-2
0.48539604349081257E-1
0.43240522432791272E-1
0.33288777836795860E-1
0.22435607757313694E-1
0.76204637121792028E-2
0.11170951480038317E-2
0.59544202397755416E-3
0.10013235544335348E-3
0.31155440119561333E-1
0.33407990599978475E-1
0.66384915062398034E-1
0.64403295415475431E-1
0.54749034264032451E-1
0.33074689474149330E-2
0.21181565964409527E-1
0.20744103198429304E-1
0.24343550633954120E-1
0.15933181092502566E-1
0.11670648611458334E-1
0.68420105413592388E-3
0.96465685967139156E-2
0.78801659158531327E-2
0.59899942301115767E-2
0.38233570478326873E-2
0.26149171226964702E-2
0.10824811081335962E-2
0.20374230962909930E-2
0.13072459642278155E-3
0.61123032147392966E-3
0.36113935398803627E-3
0.52069996248434581E-3
0.31248405017749234E-3
0.25791906350238576E-3
0.12301146587715680E-4
0.97119284976879587E-3
0.15642139623857475E-2
0.14443058506058946E-2
0.13082745342309938E-2
0.20042108072753566E-2
0.13605441217114762E-2
0.60991166773350194E-3
0.93048285448574196E-4
0.32669442318818062E-4
0.22470236373101170E-4
0.85314117224422030E-5
0.12101393265711079E-5
0.0000000000000000
0.0000000000000000
0.0000000000000000
0.0000000000000000
0.0000000000000000
0.0000000000000000
0.0000000000000000
0.0000000000000000
0.0000000000000000
0.0000000000000000
0.0000000000000000
0.0000000000000000
0.0000000000000000
0.0000000000000000
0.0000000000000000
0.0000000000000000
0.0000000000000000
0.0000000000000000
0.0000000000000000
0.0000000000000000
0.0000000000000000
0.0000000000000000
0.0000000000000000
0.0000000000000000
0.0000000000000000
0.0000000000000000
0.0000000000000000
0.0000000000000000
0.0000000000000000
0.0000000000000000
0.0000000000000000
0.0000000000000000
0.0000000000000000
0.0000000000000000
0.0000000000000000
0.0000000000000000
0.0000000000000000
0.0000000000000000
0.0000000000000000
0.0000000000000000
0.0000000000000000
0.0000000000000000
0.0000000000000000
0.0000000000000000
0.0000000000000000
0.0000000000000000
0.0000000000000000
0.0000000000000000
0.0000000000000000
0.0000000000000000
0.0000000000000000
0.0000000000000000
0.0000000000000000
0.0000000000000000
0.0000000000000000
0.0000000000000000
0.0000000000000000
0.0000000000000000
0.0000000000000000
0.0000000000000000
0.0000000000000000
0.0000000000000000
0.0000000000000000
0.0000000000000000
0.0000000000000000
0.0000000000000000
0.0000000000000000
0.0000000000000000
0.0000000000000000
0.0000000000000000
0.0000000000000000
0.0000000000000000
0.0000000000000000
0.0000000000000000
0.0000000000000000
0.0000000000000000
0.0000000000000000
0.0000000000000000
0.0000000000000000
0.0000000000000000
0.0000000000000000
0.0000000000000000
0.0000000000000000
0.0000000000000000
0.0000000000000000
0.0000000000000000
0.0000000000000000
0.0000000000000000
0.0000000000000000
0.0000000000000000
0.0000000000000000
0.0000000000000000
0.0000000000000000
0.0000000000000000
0.0000000000000000
0.0000000000000000
0.0000000000000000
0.0000000000000000
0.0000000000000000
0.0000000000000000
0.0000000000000000
0.0000000000000000
0.0000000000000000
0.0000000000000000
0.0000000000000000
0.0000000000000000
0.0000000000000000
0.0000000000000000
0.0000000000000000
0.0000000000000000
0.0000000000000000
0.0000000000000000
0.26685365387124861E-2
0.23591113391087143E-2
0.19670821238699791E-2
0.13185061192838342E-2
0.49750172357589659E-3
0.39898916267889683E-4
0.22651512652433203E-2
0.22081984637709398E-2
0.21405733753909681E-2
0.19462875933708205E-2
0.17301947021204913E-2
0.27707680915639338E-2
0.94498588398220446E-3
0.71033509899060931E-3
0.57762993672103076E-4
0.79366106094129384E-4
0.21560356792803215E-4
0.92400415604137388E-5
0.27826129210509003E-2
0.27366834419491736E-2
0.25595761529814093E-2
0.23242623579281621E-2
0.36905403368078121E-2
0.23393710026221814E-2
0.84636414192776680E-3
0.64180674361772138E-4
0.24696537073552408E-2
0.25134123842146254E-2
0.24285930265681051E-2
0.22771801067438943E-2
0.38629008768474890E-2
0.25909585852848288E-2
0.95831250687268684E-3
0.74464133489580430E-4
0.71028188568827665E-2
0.67959109207587631E-2
0.62303656953855893E-2
0.56208993521250439E-2
0.46546575708178170E-2
0.39841989688012783E-2
0.32312818137427268E-2
0.24334017829798753E-2
0.18211591931575775E-2
0.42418068188296044E-3
0.11348380894673268E-1
0.11439939136880592E-1
0.11128434071460601E-1
0.10254514006931585E-1
0.92526660683213951E-2
0.80549990266784964E-2
0.65757850631657554E-2
0.49509455743964783E-2
0.37295331298442314E-2
0.88018261071716973E-3
0.17102563462941953E-1
0.10633056532915498E-2
0.76880768981677935E-1
0.69658601400697559E-1
0.30002520148842159E-1
0.25851265487327319E-1
0.21085622490533321E-1
0.15853952604331301E-1
0.10756976393355537E-1
0.11691895995048726E-2
0.17332937656856558E-2
0.10685285262191197E-2
0.48539604391034614E-1
0.43240522470164570E-1
0.33288777865567748E-1
0.22435607776705058E-1
0.76204637187656599E-2
0.11170951489693501E-2
0.59544202449220173E-3
0.10013235552989907E-3
0.31155440146489348E-1
0.33407990628853405E-1
0.66384915119775303E-1
0.64403295471139960E-1
0.54749034311352696E-1
0.33074689502736176E-2
0.21181565982717008E-1
0.20744103216358681E-1
0.24343550654994540E-1
0.15933181106273803E-1
0.11670648621545415E-1
0.68420105472728700E-3
0.96465686050515587E-2
0.78801659226640525E-2
0.59899942352887999E-2
0.38233570511372605E-2
0.26149171249565742E-2
0.10824811090691974E-2
0.20374230980519620E-2
0.13072459653576838E-3
0.61141672134094058E-3
0.36119366177191851E-3
0.52075546253321228E-3
0.31249117772295677E-3
0.25763009454988313E-3
0.12286782162567750E-4
0.97119285060820936E-3
0.15642139637377162E-2
0.14443058518542255E-2
0.13082745353617509E-2
0.20042108090076198E-2
0.13605441228874107E-2
0.60991166826065589E-3
0.93048285528996938E-4
0.32669442347054651E-4
0.22470236392522463E-4
0.85314117298160043E-5
0.12101393276170456E-5
0.26685365234620805E-2
0.23591113256266416E-2
0.19670821126283123E-2
0.13185061117487107E-2
0.49750172073272667E-3
0.39898916039871578E-4
0.22651512522982196E-2
0.22081984511513183E-2
0.21405733631578165E-2
0.19462875822479917E-2
0.17301946922326106E-2
0.27707680757292855E-2
0.94498587858170963E-3
0.71033509493111904E-3
0.57762993341993649E-4
0.79366105640560453E-4
0.21560356669588046E-4
0.92400415076078753E-5
0.27826129051485606E-2
0.27366834263093161E-2
0.25595761383537014E-2
0.23242623446452474E-2
0.36905403157167626E-2
0.23393709892529225E-2
0.84636413709088493E-3
0.64180673994986340E-4
0.24708125048712409E-2
0.25159422386088729E-2
0.24267950249601713E-2
0.22784462479108324E-2
0.38607271681142348E-2
0.25908121942719024E-2
0.95750484628410494E-3
0.74439273505062006E-4
0.71028188162909041E-2
0.67959108819208485E-2
0.62303656597797056E-2
0.56208993200021961E-2
0.46546575442169384E-2
0.39841989460320006E-2
0.32312817952762913E-2
0.24334017690732404E-2
0.18211591827498445E-2
0.42418067945881253E-3
0.11342961088914983E-1
0.11436984932737213E-1
0.11131198763293618E-1
0.10255675579863852E-1
0.92537552711824973E-2
0.80563294890395355E-2
0.65766150553467281E-2
0.49516157459790367E-2
0.37300383519039064E-2
0.88020745471052459E-3
0.17102374940485863E-1
0.10634927220231905E-2
0.76880768542312447E-1
0.69658601002605985E-1
0.30002519977380914E-1
0.25851265339590059E-1
0.21085622370031209E-1
0.15853952513727631E-1
0.10756976331880551E-1
0.11691895928230773E-2
0.17332937557800645E-2
0.10685285201125917E-2
0.48537791621396521E-1
0.43236467005003443E-1
0.33292593109271171E-1
0.22437770594413101E-1
0.76203683171453904E-2
0.11170800266311100E-2
0.59544200553334761E-3
0.10013237718046146E-3
0.31155439968439291E-1
0.33407990437930253E-1
0.66384914740392501E-1
0.64403295103081903E-1
0.54749033998467728E-1
0.33074689313717810E-2
0.21181565861666588E-1
0.20744103097808313E-1
0.24343550515873714E-1
0.15933181015217353E-1
0.11670648554848886E-1
0.68420105081715003E-3
0.96465685499224352E-2
0.78801658776297343E-2
0.59899942010566143E-2
0.38233570292871776E-2
0.26149171100125984E-2
0.10824811028829319E-2
0.20374230864083033E-2
0.13072459578869109E-3
0.61091735637247644E-3
0.36104817067680883E-3
0.52060677683284822E-3
0.31247208205637195E-3
0.25840423784896492E-3
0.12325264234388089E-4
0.97119284505794447E-3
0.15642139547983982E-2
0.14443058436001696E-2
0.13082745278850999E-2
0.20042107975537663E-2
0.13605441151120442E-2
0.60991166477507492E-3
0.93048284997235780E-4
0.32669442160352232E-4
0.22470236264107430E-4
0.85314116810598849E-5
0.12101393207012268E-5
0.0000000000000000
0.0000000000000000
0.0000000000000000
0.0000000000000000
0.0000000000000000
0.0000000000000000
0.0000000000000000
0.0000000000000000
0.0000000000000000
0.0000000000000000
0.0000000000000000
0.0000000000000000
0.0000000000000000
0.0000000000000000
0.0000000000000000
0.0000000000000000
0.0000000000000000
0.0000000000000000
0.0000000000000000
0.0000000000000000
0.0000000000000000
0.0000000000000000
0.0000000000000000
0.0000000000000000
0.0000000000000000
0.0000000000000000
0.0000000000000000
0.0000000000000000
0.0000000000000000
0.0000000000000000
0.0000000000000000
0.0000000000000000
0.0000000000000000
0.0000000000000000
0.0000000000000000
0.0000000000000000
0.0000000000000000
0.0000000000000000
0.0000000000000000
0.0000000000000000
0.0000000000000000
0.0000000000000000
0.0000000000000000
0.0000000000000000
0.0000000000000000
0.0000000000000000
0.0000000000000000
0.0000000000000000
0.0000000000000000
0.0000000000000000
0.0000000000000000
0.0000000000000000
0.0000000000000000
0.0000000000000000
0.0000000000000000
0.0000000000000000
0.0000000000000000
0.0000000000000000
0.0000000000000000
0.0000000000000000
0.0000000000000000
0.0000000000000000
0.0000000000000000
0.0000000000000000
0.0000000000000000
0.0000000000000000
0.0000000000000000
0.0000000000000000
0.0000000000000000
0.0000000000000000
0.0000000000000000
0.0000000000000000
0.0000000000000000
0.0000000000000000
0.0000000000000000
0.0000000000000000
0.0000000000000000
0.0000000000000000
0.0000000000000000
0.0000000000000000
0.0000000000000000
0.0000000000000000
0.0000000000000000
0.0000000000000000
0.0000000000000000
0.0000000000000000
0.0000000000000000
0.0000000000000000
0.0000000000000000
0.0000000000000000
0.0000000000000000
0.0000000000000000
0.0000000000000000
0.0000000000000000
0.0000000000000000
0.0000000000000000
0.0000000000000000
0.0000000000000000
0.0000000000000000
0.0000000000000000
0.0000000000000000
0.0000000000000000
0.0000000000000000
0.0000000000000000
0.0000000000000000
0.0000000000000000
0.0000000000000000
0.0000000000000000
0.0000000000000000
0.0000000000000000
0.0000000000000000
0.0000000000000000
0.26685365185698793E-2
0.23591113213017063E-2
0.19670821090220802E-2
0.13185061093315064E-2
0.49750171982066165E-3
0.39898915966725295E-4
0.22651512481455401E-2
0.22081984471030501E-2
0.21405733592335247E-2
0.19462875786798821E-2
0.17301946890606620E-2
0.27707680706496643E-2
0.94498587684927642E-3
0.71033509362886875E-3
0.57762993236097325E-4
0.79366105495059356E-4
0.21560356630061660E-4
0.92400414906681989E-5
0.27826129000472237E-2
0.27366834212921814E-2
0.25595761336612557E-2
0.23242623403842001E-2
0.36905403089509316E-2
0.23393709849641770E-2
0.84636413553925392E-3
0.64180673877324560E-4
0.24716891473165227E-2
0.25178560927607849E-2
0.24254348335204711E-2
0.22794040959022510E-2
0.38590827558685641E-2
0.25907014551674558E-2
0.95689384927073609E-3
0.74420466984013805E-4
0.71028188032693776E-2
0.67959108694619725E-2
0.62303656483576383E-2
0.56208993096974573E-2
0.46546575356836012E-2
0.39841989387278086E-2
0.32312817893524145E-2
0.24334017646121093E-2
0.18211591794111315E-2
0.42418067868116630E-3
0.11343737768368894E-1
0.11437408267859247E-1
0.11130802527224679E-1
0.10255509088251265E-1
0.92535991535444753E-2
0.80561387998042272E-2
0.65764960921567365E-2
0.49515196909056822E-2
0.37299659389006894E-2
0.88020389199621992E-3
0.17102231324214241E-1
0.10636352763234399E-2
0.76880768401367691E-1
0.69658600874901569E-1
0.30002519922377593E-1
0.25851265292197192E-1
0.21085622331375144E-1
0.15853952484662738E-1
0.10756976312159893E-1
0.11691895906796135E-2
0.17332937526024345E-2
0.10685285181536689E-2
0.48537752075215247E-1
0.43236378645338920E-1
0.33292676108636211E-1
0.22437817639705641E-1
0.76203662272697707E-2
0.11170796955151830E-2
0.59544200410308274E-3
0.10013237748067100E-3
0.31155439911322330E-1
0.33407990376683717E-1
0.66384914618689700E-1
0.64403294985011988E-1
0.54749033898096863E-1
0.33074689253082307E-2
0.21181565822834633E-1
0.20744103059778356E-1
0.24343550471244924E-1
0.15933180986007212E-1
0.11670648533453202E-1
0.68420104956281105E-3
0.96465685322374775E-2
0.78801658631831046E-2
0.59899941900752171E-2
0.38233570222778548E-2
0.26149171052186966E-2
0.10824811008984300E-2
0.20374230826731158E-2
0.13072459554903498E-3
0.60957799575215850E-3
0.36065794744908600E-3
0.52020798736632701E-3
0.31242086894136005E-3
0.26048060531232891E-3
0.12428478867279558E-4
0.97119284327746626E-3
0.15642139519307402E-2
0.14443058409523380E-2
0.13082745254866530E-2
0.20042107938794663E-2
0.13605441126177723E-2
0.60991166365692996E-3
0.93048284826651286E-4
0.32669442100459664E-4
0.22470236222912968E-4
0.85314116654193317E-5
0.12101393184826906E-5
0.0000000000000000
0.0000000000000000
0.0000000000000000
0.0000000000000000
0.0000000000000000
0.0000000000000000
0.0000000000000000
0.0000000000000000
0.0000000000000000
0.0000000000000000
0.0000000000000000
0.0000000000000000
0.0000000000000000
0.0000000000000000
0.0000000000000000
0.0000000000000000
0.0000000000000000
0.0000000000000000
0.0000000000000000
0.0000000000000000
0.0000000000000000
0.0000000000000000
0.0000000000000000
0.0000000000000000
0.0000000000000000
0.0000000000000000
0.0000000000000000
0.0000000000000000
0.0000000000000000
0.0000000000000000
0.0000000000000000
0.0000000000000000
0.0000000000000000
0.0000000000000000
0.0000000000000000
0.0000000000000000
0.0000000000000000
0.0000000000000000
0.0000000000000000
0.0000000000000000
0.0000000000000000
0.0000000000000000
0.0000000000000000
0.0000000000000000
0.0000000000000000
0.0000000000000000
0.0000000000000000
0.0000000000000000
0.0000000000000000
0.0000000000000000
0.0000000000000000
0.0000000000000000
0.0000000000000000
0.0000000000000000
0.0000000000000000
0.0000000000000000
0.0000000000000000
0.0000000000000000
0.0000000000000000
0.0000000000000000
0.0000000000000000
0.0000000000000000
0.0000000000000000
0.0000000000000000
0.0000000000000000
0.0000000000000000
0.0000000000000000
0.0000000000000000
0.0000000000000000
0.0000000000000000
0.0000000000000000
0.0000000000000000
0.0000000000000000
0.0000000000000000
0.0000000000000000
0.0000000000000000
0.0000000000000000
0.0000000000000000
0.0000000000000000
0.0000000000000000
0.0000000000000000
0.0000000000000000
0.0000000000000000
0.0000000000000000
0.0000000000000000
0.0000000000000000
0.0000000000000000
0.0000000000000000
0.0000000000000000
0.0000000000000000
0.0000000000000000
0.0000000000000000
0.0000000000000000
0.0000000000000000
0.0000000000000000
0.0000000000000000
0.0000000000000000
0.0000000000000000
0.0000000000000000
0.0000000000000000
0.0000000000000000
0.0000000000000000
0.0000000000000000
0.0000000000000000
0.0000000000000000
0.0000000000000000
0.0000000000000000
0.0000000000000000
0.0000000000000000
0.0000000000000000
0.0000000000000000
0.0000000000000000
0.0000000000000000
0.0000000000000000
0.0000000000000000
0.0000000000000000
0.0000000000000000
0.0000000000000000
0.0000000000000000
0.0000000000000000
0.0000000000000000
0.0000000000000000
0.0000000000000000
0.0000000000000000
0.0000000000000000
0.0000000000000000
0.0000000000000000
0.0000000000000000
0.0000000000000000
0.0000000000000000
0.0000000000000000
0.0000000000000000
0.0000000000000000
0.0000000000000000
0.0000000000000000
0.0000000000000000
0.0000000000000000
0.0000000000000000
0.0000000000000000
0.0000000000000000
0.0000000000000000
0.0000000000000000
0.0000000000000000
0.0000000000000000
0.0000000000000000
0.0000000000000000
0.0000000000000000
0.0000000000000000
0.0000000000000000
0.0000000000000000
0.0000000000000000
0.0000000000000000
0.0000000000000000
0.0000000000000000
0.0000000000000000
0.0000000000000000
0.0000000000000000
0.0000000000000000
0.0000000000000000
0.0000000000000000
0.0000000000000000
0.0000000000000000
0.0000000000000000
0.0000000000000000
0.0000000000000000
0.0000000000000000
0.0000000000000000
0.0000000000000000
0.0000000000000000
0.0000000000000000
0.0000000000000000
0.0000000000000000
0.0000000000000000
0.0000000000000000
0.0000000000000000
0.0000000000000000
0.0000000000000000
0.0000000000000000
0.0000000000000000
0.0000000000000000
0.0000000000000000
0.0000000000000000
0.0000000000000000
0.0000000000000000
0.0000000000000000
0.0000000000000000
0.0000000000000000
0.0000000000000000
0.0000000000000000
0.0000000000000000
0.0000000000000000
0.0000000000000000
0.0000000000000000
0.0000000000000000
0.0000000000000000
0.0000000000000000
0.0000000000000000
0.0000000000000000
0.0000000000000000
0.0000000000000000
0.0000000000000000
0.0000000000000000
0.0000000000000000
0.0000000000000000
0.0000000000000000
0.0000000000000000
0.0000000000000000
0.0000000000000000
0.0000000000000000
0.0000000000000000
0.0000000000000000
0.0000000000000000
0.0000000000000000
0.0000000000000000
0.0000000000000000
0.0000000000000000
0.0000000000000000
0.0000000000000000
0.0000000000000000
0.0000000000000000
0.0000000000000000
0.0000000000000000
0.0000000000000000
0.0000000000000000
0.0000000000000000
0.0000000000000000
0.0000000000000000
0.0000000000000000
0.0000000000000000
0.0000000000000000
0.0000000000000000
0.0000000000000000
0.0000000000000000
0.0000000000000000
0.0000000000000000
0.0000000000000000
0.0000000000000000
0.0000000000000000
0.0000000000000000
0.0000000000000000
0.0000000000000000
0.0000000000000000
0.0000000000000000
0.0000000000000000
0.0000000000000000
0.0000000000000000
0.0000000000000000
0.0000000000000000
0.0000000000000000
0.0000000000000000
0.0000000000000000
0.0000000000000000
0.0000000000000000
0.0000000000000000
0.0000000000000000
0.0000000000000000
0.0000000000000000
0.0000000000000000
0.0000000000000000
0.0000000000000000
0.0000000000000000
0.0000000000000000
0.0000000000000000
0.0000000000000000
0.0000000000000000
0.0000000000000000
0.0000000000000000
0.0000000000000000
0.0000000000000000
0.0000000000000000
0.0000000000000000
0.0000000000000000
0.0000000000000000
0.0000000000000000
0.0000000000000000
0.0000000000000000
0.0000000000000000
0.0000000000000000
0.0000000000000000
0.0000000000000000
0.0000000000000000
0.0000000000000000
0.0000000000000000
0.0000000000000000
0.0000000000000000
0.0000000000000000
0.0000000000000000
0.0000000000000000
0.0000000000000000
0.0000000000000000
0.0000000000000000
0.0000000000000000
0.0000000000000000
0.0000000000000000
0.0000000000000000
0.0000000000000000
0.0000000000000000
0.0000000000000000
0.0000000000000000
0.0000000000000000
0.0000000000000000
0.0000000000000000
0.0000000000000000
0.0000000000000000
0.0000000000000000
0.0000000000000000
0.0000000000000000
0.0000000000000000
0.0000000000000000
0.0000000000000000
0.0000000000000000
0.0000000000000000
0.0000000000000000
0.0000000000000000
0.0000000000000000
0.0000000000000000
0.0000000000000000
0.0000000000000000
0.0000000000000000
0.0000000000000000
0.0000000000000000
0.0000000000000000
0.0000000000000000
0.0000000000000000
0.0000000000000000
0.0000000000000000
0.0000000000000000
0.0000000000000000
0.0000000000000000
0.0000000000000000
0.0000000000000000
0.0000000000000000
0.0000000000000000
0.0000000000000000
0.0000000000000000
0.0000000000000000
0.0000000000000000
0.0000000000000000
0.0000000000000000
0.0000000000000000
0.0000000000000000
0.0000000000000000
0.0000000000000000
0.0000000000000000
0.0000000000000000
0.0000000000000000
0.0000000000000000
0.0000000000000000
0.0000000000000000
0.0000000000000000
0.0000000000000000
0.0000000000000000
0.0000000000000000
0.0000000000000000
0.0000000000000000
0.0000000000000000
0.0000000000000000
0.0000000000000000
0.0000000000000000
0.0000000000000000
0.0000000000000000
0.0000000000000000
0.0000000000000000
0.0000000000000000
0.0000000000000000
0.0000000000000000
0.0000000000000000
0.0000000000000000
0.0000000000000000
0.0000000000000000
0.0000000000000000
0.0000000000000000
0.0000000000000000
0.0000000000000000
0.0000000000000000
0.0000000000000000
0.0000000000000000
0.0000000000000000
0.0000000000000000
0.0000000000000000
0.0000000000000000
0.0000000000000000
0.0000000000000000
0.0000000000000000
0.0000000000000000
0.0000000000000000
0.0000000000000000
0.0000000000000000
0.0000000000000000
0.0000000000000000
0.0000000000000000
0.0000000000000000
0.0000000000000000
0.0000000000000000
0.0000000000000000
0.0000000000000000
0.0000000000000000
0.0000000000000000
0.0000000000000000
0.0000000000000000
0.0000000000000000
0.0000000000000000
0.0000000000000000
0.0000000000000000
0.0000000000000000
0.0000000000000000
0.0000000000000000
0.0000000000000000
0.0000000000000000
0.0000000000000000
0.0000000000000000
0.0000000000000000
0.0000000000000000
0.0000000000000000
0.0000000000000000
0.0000000000000000
0.0000000000000000
0.0000000000000000
0.0000000000000000
0.0000000000000000
0.0000000000000000
0.0000000000000000
0.0000000000000000
0.0000000000000000
0.0000000000000000
0.0000000000000000
0.0000000000000000
0.0000000000000000
0.0000000000000000
0.0000000000000000
0.0000000000000000
0.0000000000000000
0.0000000000000000
0.0000000000000000
0.0000000000000000
0.0000000000000000
0.0000000000000000
0.0000000000000000
0.0000000000000000
0.0000000000000000
0.0000000000000000
0.0000000000000000
0.0000000000000000
0.0000000000000000
0.0000000000000000
0.0000000000000000
0.0000000000000000
0.0000000000000000
0.0000000000000000
0.0000000000000000
0.0000000000000000
0.0000000000000000
0.0000000000000000
0.0000000000000000
0.0000000000000000
0.0000000000000000
0.0000000000000000
0.0000000000000000
0.0000000000000000
0.0000000000000000
0.0000000000000000
0.0000000000000000
0.0000000000000000
0.0000000000000000
0.0000000000000000
0.0000000000000000
0.0000000000000000
0.0000000000000000
0.0000000000000000
0.0000000000000000
0.0000000000000000
0.0000000000000000
0.0000000000000000
0.0000000000000000
0.0000000000000000
0.0000000000000000
0.0000000000000000
0.0000000000000000
0.0000000000000000
0.0000000000000000
0.0000000000000000
0.0000000000000000
0.0000000000000000
0.0000000000000000
0.0000000000000000
0.0000000000000000
0.0000000000000000
0.0000000000000000
0.0000000000000000
0.0000000000000000
0.0000000000000000
0.0000000000000000
0.0000000000000000
0.0000000000000000
0.0000000000000000
0.0000000000000000
0.0000000000000000
0.0000000000000000
0.0000000000000000
0.0000000000000000
0.0000000000000000
0.0000000000000000
0.0000000000000000
0.0000000000000000
0.0000000000000000
0.0000000000000000
0.0000000000000000
0.0000000000000000
0.0000000000000000
0.0000000000000000
0.0000000000000000
0.0000000000000000
0.0000000000000000
0.0000000000000000
0.0000000000000000
0.0000000000000000
0.0000000000000000
0.0000000000000000
0.0000000000000000
0.0000000000000000
0.0000000000000000
0.0000000000000000
0.0000000000000000
0.0000000000000000
0.0000000000000000
0.0000000000000000
0.0000000000000000
0.0000000000000000
0.0000000000000000
0.0000000000000000
0.0000000000000000
0.0000000000000000
0.0000000000000000
0.0000000000000000
0.0000000000000000
0.0000000000000000
0.0000000000000000
0.0000000000000000
0.0000000000000000
0.0000000000000000
0.0000000000000000
0.0000000000000000
0.0000000000000000
0.0000000000000000
0.0000000000000000
0.0000000000000000
0.0000000000000000
0.0000000000000000
0.0000000000000000
0.0000000000000000
0.0000000000000000
0.0000000000000000
0.0000000000000000
0.0000000000000000
0.0000000000000000
0.0000000000000000
0.0000000000000000
0.0000000000000000
0.0000000000000000
0.0000000000000000
0.0000000000000000
0.0000000000000000
0.0000000000000000
0.0000000000000000
0.0000000000000000
0.0000000000000000
0.0000000000000000
0.0000000000000000
0.0000000000000000
0.0000000000000000
0.0000000000000000
0.0000000000000000
0.0000000000000000
0.0000000000000000
0.0000000000000000
0.0000000000000000
0.0000000000000000
0.0000000000000000
0.0000000000000000
0.0000000000000000
0.0000000000000000
0.0000000000000000
0.0000000000000000
0.0000000000000000
0.0000000000000000
0.0000000000000000
0.0000000000000000
0.0000000000000000
0.0000000000000000
0.0000000000000000
0.0000000000000000
0.0000000000000000
0.0000000000000000
0.0000000000000000
0.0000000000000000
0.0000000000000000
0.0000000000000000
0.0000000000000000
0.0000000000000000
0.0000000000000000
0.0000000000000000
0.0000000000000000
0.0000000000000000
0.0000000000000000
0.0000000000000000
0.0000000000000000
0.0000000000000000
0.0000000000000000
0.0000000000000000
0.0000000000000000
0.0000000000000000
0.0000000000000000
0.0000000000000000
0.0000000000000000
0.0000000000000000
0.0000000000000000
0.0000000000000000
0.0000000000000000
0.0000000000000000
0.0000000000000000
0.0000000000000000
0.0000000000000000
0.0000000000000000
0.0000000000000000
0.0000000000000000
0.0000000000000000
0.0000000000000000
0.0000000000000000
0.0000000000000000
0.0000000000000000
0.0000000000000000
0.0000000000000000
0.0000000000000000
0.0000000000000000
0.0000000000000000
0.0000000000000000
0.0000000000000000
0.0000000000000000
0.0000000000000000
0.0000000000000000
0.0000000000000000
0.0000000000000000
0.0000000000000000
0.0000000000000000
0.0000000000000000
0.0000000000000000
0.0000000000000000
0.0000000000000000
0.0000000000000000
0.0000000000000000
0.0000000000000000
0.0000000000000000
0.0000000000000000
0.0000000000000000
0.0000000000000000
0.0000000000000000
0.0000000000000000
0.0000000000000000
0.0000000000000000
0.0000000000000000
0.0000000000000000
0.0000000000000000
0.0000000000000000
0.0000000000000000
0.0000000000000000
0.0000000000000000
0.0000000000000000
0.0000000000000000
0.0000000000000000
0.0000000000000000
0.0000000000000000
0.0000000000000000

