# rank
2
# size
140
32
# lbound
1
1
# entries
10.232207196022028
9.1090601301751644
12.287614530258514
8.6111637334742106
5.6566603017194561
1.8460922482267526
0.27895984483958675
0.15306132524392868
0.25629444782837667E-1
0.36864289702877497E-2
8.4147977437915582
7.8258440574278216
7.3375311056127268
6.6053184144578116
5.9639904682779443
5.1588645918888076
4.1084525986941296
3.1036883672411566
2.3064134950930852
0.32551629421995720
0.16914832028068191
0.28005286933387902E-1
7.3016558747050437
7.2148422745861591
6.8086299525341332
6.2377275002074262
5.5582580971117785
4.7901094875474968
3.9100527428685754
2.9337518478680078
1.9918517870923629
0.21824027551860314
0.17938361098663388
0.14326632975791362
0.10691591708370679
0.68943432777831076E-1
0.26378903932891325E-1
0.37422256484227014E-2
3.8677778425431590
3.6754535905563666
3.4486905801718342
3.1731861909511379
2.8316052227452508
2.4387964108840965
1.9786841560972173
1.4827889396570251
0.99818597120308739
0.10790670988899270
0.89627082522287627E-1
0.70592873378874571E-1
0.51801757609261645E-1
0.47564191759207890E-1
5.2763611072061005
5.3503303977364993
5.1310227300842586
4.8945397038331571
4.5354227481519933
3.9575106044361239
3.2924029243059962
2.4937467830379068
1.6956770053189369
0.18585560393123318
0.15355922374676406
0.12130668965645529
0.88692460360896008E-1
0.57565147932438117E-1
0.21767822897455227E-1
0.30654838486351755E-2
11.450223711345885
11.106249194662817
8.8804392364233706
5.6268727337082582
1.7884198250999290
0.28222421144812160
0.15128195800587896
0.25832289646031546E-1
5.8137290428925663
5.0933408402890752
2.1699306341195204
1.8510661237561106
1.5033440615836229
1.1121524872606403
0.74826209876445060
0.81695795790323988E-1
0.68433993024141923E-1
0.54474334041781806E-1
0.63672632049131608E-1
0.10372536827665074E-1
4.5604985953564885
4.0013331080914751
3.0891608643136585
2.0399314301553719
0.66125416515006097
0.95246697072002728E-1
0.49653315071480970E-1
0.77165417440223909E-2
3.9369812933388371
3.3140550122320098
2.7410796989134498
2.3141595363422787
2.1504525314120744
1.8889634515312705
1.5396626933301496
1.1432766610112950
0.84857701895014970
0.12309870578287554
0.53810657126773860E-1
0.80328518914956071E-2
1.7466930433521353
1.4391523107747919
1.1560657130471508
0.75845639276663979
0.28172233147718800
0.20991967497236128E-1
1.4902114419231181
1.4109090454862807
2.8274315167177688
2.2849704651581928
1.5764438675981298
0.49691167381723889
0.10007615418555540
0.19258663521400671E-1
0.36668617696832689
0.37052341395441374
0.40371809423885063
0.41324745679396563
0.77348724641444355
0.50655227642836820
0.20910405561833881
0.18285282349993937E-1
0.35970556809329440
0.27334986393999144
0.13592861650059437
0.66981715071199859E-2
0.31260427659921824
0.15754022881145593E-1
0.25894295742063228
0.23393575907141390E-1
0.14858654108153665
0.41992357726664271E-1
10.201972488660726
9.0821441615971050
12.251306388488743
8.5857189774666267
5.6399456803686236
1.8406373099306632
0.27813555843561732
0.15260905094099214
0.25553713442766392E-1
0.36755361004513960E-2
8.3798890634935645
7.7933786439288157
7.3070914521188088
6.5779163359031756
5.9392489304660590
5.1374631084281095
4.0914087358879092
3.0908127559364691
2.2968453683493872
0.32416589405673329
0.16844661064779415
0.27889107360452536E-1
7.2766325531750971
7.1855589665673518
6.7822540008810401
6.2089473987420911
5.5251344133553122
4.7592015423376006
3.8810481554590437
2.9124323922541984
1.9771945556160886
0.21646653645765121
0.17798682378122369
0.14215566097622548
0.10592984180685754
0.68221945730328457E-1
0.26093522387223598E-1
0.37229372467686519E-2
3.8441364754477059
3.6532307102504160
3.4280302460302932
3.1544487677801412
2.8150330004944739
2.4245563690634215
1.9672080736742410
1.4742326846392793
0.99245315716263593
0.10729347875124751
0.89114609597920849E-1
0.70186274270891094E-1
0.51508043413201206E-1
0.47291532879953371E-1
5.2412536285705285
5.3088904508110835
5.0974021311545012
4.8582077287010623
4.5049259790537333
3.9358572890397268
3.2708526225924803
2.4801979036998865
1.6844251003243647
0.18460777188178537
0.15253248513276613
0.12049388320567388
0.88101155544580034E-1
0.57180251742156463E-1
0.21622277330304255E-1
0.30449871922886233E-2
11.360700955068459
11.019415778576374
8.8110081565213179
5.5828794311280889
1.7744371924317572
0.28001766160822422
0.15009917082222660
0.25630321734454582E-1
5.7638064266651607
5.0473504701476788
2.1504715754277175
1.8350171774949429
1.4899700844095727
1.1021734944160728
0.74072185604175367
0.80628591662559382E-1
0.67411856339157264E-1
0.53753666820066576E-1
0.63117691089505296E-1
0.10279939604809610E-1
4.5159343432209251
3.9622329058265460
3.0589742211723228
2.0199976407479445
0.65479252576452462
0.94315965983143665E-1
0.49168113112540532E-1
0.76411372888504601E-2
3.8935868294615847
3.2775266089198447
2.7108667832004842
2.2886522491789099
2.1267496667700714
1.8681427896699574
1.5226921181227153
1.1306751589792938
0.83922377542364313
0.12174187882754570
0.53217541629667020E-1
0.79443116432026811E-2
1.7250714199765467
1.4213376126730790
1.1417552321414925
0.74906776061193914
0.27823500199426843
0.20732116221784325E-1
1.4694813358347854
1.3912821030463716
2.7880995443210090
2.2531845864440228
1.5545141952722767
0.48999921064257090
0.98684009933527855E-1
0.18990759164551195E-1
0.36021912093400066
0.36448995932399308
0.39775181123571324
0.40686259391839952
0.76031483799191490
0.49809028016426016
0.20529426886168956
0.17983061298000681E-1
0.35302221462828431
0.26827076279521384
0.13340292339991752
0.65737262813363451E-2
0.30638433648072383
0.15440562425606957E-1
0.25342629691805851
0.22895186541752124E-1
0.14496227083868637
0.40968095021387638E-1
10.249516964896273
9.1244698773093180
12.308401420463131
8.6257311920009201
5.6662296429717474
1.8492152723724877
0.27943175968130785
0.15332025824956488
0.25672801974210673E-1
0.36926652819871267E-2
8.4347834238394022
7.8444309349973347
7.3549582088519072
6.6210064659671755
5.9781553251095101
5.1711172235363971
4.1182104350235660
3.1110598245909973
2.3118913738935554
0.32628941613027757
0.16955005830370859
0.28071801271740443E-1
7.3178092440929703
7.2327525046541288
6.8249935657985645
6.2546928607531012
5.5765734861771525
4.8069037304720688
3.9253758523906703
2.9450595010673246
1.9996070979035909
0.21916175278112790
0.18011487580612234
0.14384827078260504
0.10741743284581766
0.69303446247986650E-1
0.26520640248373837E-1
0.37532685128564601E-2
3.8812094657419260
3.6881143513794576
3.4604890492996216
3.1839266361001295
2.8411266818134986
2.4469829372018128
1.9852933799328163
1.4877232408564229
1.0014961640809608
0.10826179471665213
0.89923339703198893E-1
0.70827469123410577E-1
0.51971934165635905E-1
0.47721706935100465E-1
5.2964703312944712
5.3737342449116285
5.1503098840315831
4.9151359221955362
4.5528728214588678
3.9701798355316695
3.3047670256640767
2.5016807697421797
1.7021237340681039
0.18656971236207529
0.15414704514983524
0.12177193477981874
0.89031087463472700E-1
0.57785506079607758E-1
0.21851149654944495E-1
0.30772184548218304E-2
11.501476670457738
11.155962471032787
8.9201894457252813
5.6520594798731025
1.7964250667861545
0.28348749034418302
0.15195911927394690
0.25947918940128368E-1
5.8421323588914733
5.1197517143863793
2.1811243931054332
1.8602440455782334
1.5109964922852701
1.1178883180112151
0.75267596706334183
0.82303651899623756E-1
0.68989584107882654E-1
0.54855490682705885E-1
0.63995643894915050E-1
0.10425549959456670E-1
4.5860122176747753
4.0237184897673846
3.1064431157878247
2.0513437875930389
0.66495353895169107
0.95779552900230297E-1
0.49931099594619416E-1
0.77597117894776715E-2
3.9618251964453179
3.3349680050757260
2.7583769917815077
2.3287627947806917
2.1640227341498628
1.9008835551499819
1.5493785715423414
1.1504911871859869
0.85393187427365702
0.12387550711647025
0.54150223574299418E-1
0.80835423518233439E-2
1.7590717080054747
1.4493514604811255
1.1642586521748928
0.76383150854669779
0.28371887361719700
0.21140735780851315E-1
1.5020797011670259
1.4221457289865738
2.8499495898520730
2.3031683000977590
1.5889988943398239
0.50086915018621403
0.10087317513747796
0.19412042300366562E-1
0.37033125924746318
0.37399034479930887
0.40723340597842861
0.41696559103000724
0.78097372673626952
0.51138413256366477
0.21123528609018530
0.18458304063521346E-1
0.36353189996254209
0.27625770037701580
0.13737459980183792
0.67694195038018896E-2
0.31616527438154124
0.15933483127667906E-1
0.26210131834392830
0.23678910394463452E-1
0.15066148361337134
0.42578761639325911E-1
10.249516964896273
9.1244698773093180
12.308401420463131
8.6257311920009201
5.6662296429717474
1.8492152723724877
0.27943175968130785
0.15332025824956488
0.25672801974210673E-1
0.36926652819871267E-2
8.4347834238394022
7.8444309349973347
7.3549582088519072
6.6210064659671755
5.9781553251095101
5.1711172235363971
4.1182104350235660
3.1110598245909973
2.3118913738935554
0.32628941613027757
0.16955005830370859
0.28071801271740443E-1
7.3178092440929703
7.2327525046541288
6.8249935657985645
6.2546928607531012
5.5765734861771525
4.8069037304720688
3.9253758523906694
2.9450595010673246
1.9996070979035909
0.21916175278112790
0.18011487580612232
0.14384827078260504
0.10741743284581766
0.69303446247986650E-1
0.26520640248373833E-1
0.37532685128564601E-2
3.8812094657419260
3.6881143513794576
3.4604890492996216
3.1839266361001295
2.8411266818134986
2.4469829372018128
1.9852933799328163
1.4877232408564229
1.0014961640809608
0.10826179471665213
0.89923339703198893E-1
0.70827469123410577E-1
0.51971934165635905E-1
0.47721706935100465E-1
5.2964703312944712
5.3737342449116285
5.1503098840315831
4.9151359221955362
4.5528728214588678
3.9701798355316695
3.3047670256640767
2.5016807697421797
1.7021237340681039
0.18656971236207529
0.15414704514983524
0.12177193477981874
0.89031087463472700E-1
0.57785506079607758E-1
0.21851149654944495E-1
0.30772184548218304E-2
11.501476670457738
11.155962471032787
8.9201894457252813
5.6520594798731025
1.7964250667861545
0.28348749034418302
0.15195911927394690
0.25947918940128368E-1
5.8421323588914733
5.1197517143863793
2.1811243931054332
1.8602440455782334
1.5109964922852701
1.1178883180112151
0.75267596706334183
0.82303651899623742E-1
0.68989584107882654E-1
0.54855490682705871E-1
0.63995643894915050E-1
0.10425549959456670E-1
4.5860122176747753
4.0237184897673846
3.1064431157878247
2.0513437875930389
0.66495353895169107
0.95779552900230297E-1
0.49931099594619416E-1
0.77597117894776715E-2
3.9618251964453179
3.3349680050757260
2.7583769917815077
2.3287627947806917
2.1640227341498628
1.9008835551499819
1.5493785715423414
1.1504911871859869
0.85393187427365702
0.12387550711647025
0.54150223574299418E-1
0.80835423518233439E-2
1.7590717080054747
1.4493514604811255
1.1642586521748928
0.76383150854669779
0.28371887361719700
0.21140735780851315E-1
1.5020797011670259
1.4221457289865738
2.8499495898520730
2.3031683000977590
1.5889988943398239
0.50086915018621403
0.10087317513747796
0.19412042300366562E-1
0.37033125924746318
0.37399034479930887
0.40723340597842861
0.41696559103000724
0.78097372673626952
0.51138413256366477
0.21123528609018530
0.18458304063521346E-1
0.36353189996254209
0.27625770037701580
0.13737459980183792
0.67694195038018896E-2
0.31616527438154124
0.15933483127667906E-1
0.26210131834392830
0.23678910394463452E-1
0.15066148361337134
0.42578761639325911E-1
10.203026291763628
9.0830822930916906
12.252571875599315
8.5866058311911537
5.6405282532254688
1.8408274368213873
0.27816428818516653
0.15262481454862700
0.25556352989437058E-1
0.36759157614779073E-2
8.3811057736530756
7.7945101962561942
7.3081523984319290
6.5788714103168884
5.9401112741628310
5.1382090375819169
4.0920027841548912
3.0912615236054442
2.2971788566656786
0.32421296102070823
0.16847106809597243
0.27893156693326520E-1
7.2774112119142558
7.1865210065063918
6.7831086749073988
6.2099255104256974
5.5263220887359106
4.7603249173097710
3.8821247106068157
2.9132214183648939
1.9777379748617643
0.21653316956064161
0.17803900862205688
0.14219713226509351
0.10596743587977794
0.68249807200434470E-1
0.26104576955687953E-1
0.37236095263865820E-2
3.8449658117843630
3.6540084768961920
3.4287518842811138
3.1551011710317547
2.8156088728312474
2.4250509413712420
1.9676060473008101
1.4745290598789060
0.99265151904883286
0.10731464570416055
0.89132323700498270E-1
0.70200352319711043E-1
0.51518176173290797E-1
0.47300963118196877E-1
5.2424768359792955
5.3103490479128963
5.0985722196739847
4.8594831118904676
4.5059893477642392
3.9365999083805634
3.2716025731205463
2.4806622808408094
1.6848170593507152
0.18465127687841543
0.15256827116913727
0.12052221714879451
0.88121760616889810E-1
0.57193666947230812E-1
0.21627350188078098E-1
0.30457015845200097E-2
11.363821188951272
11.022442277963789
8.8134281133796524
5.5844127774976098
1.7749245443189907
0.28009456888700851
0.15014039578892838
0.25637361141496409E-1
5.7656135448569641
5.0489229310861470
2.1511296971563043
1.8355803955497989
1.4904378611796070
1.1025127143631575
0.74094808436574067
0.80667010273820880E-1
0.67458720186234125E-1
0.53790699087630948E-1
0.63135026891868964E-1
0.10283166996416194E-1
4.5174875895155839
3.9635957076548745
3.0600263490407511
2.0206924147663985
0.65501774030200821
0.94348405764937776E-1
0.49185024383542983E-1
0.76437654422466016E-2
3.8950993038552091
3.2787997730452485
2.7119198267753934
2.2895412823697461
2.1275758084624306
1.8688684748175519
1.5232836120173954
1.1311143728199928
0.83954977418171495
0.12178916979148802
0.53238214128453344E-1
0.79473976326673041E-2
1.7258250219059692
1.4219585277000557
1.1422540108795243
0.74939499280831579
0.27835654967740070
0.20741173100592262E-1
1.4702038647436435
1.3919661821941050
2.7894704242855388
2.2542924542072935
1.5552785339664299
0.49024013823135570
0.98732531849581001E-1
0.19000096726154013E-1
0.36044748864647153
0.36469959398546242
0.39795461945165678
0.40708189314089721
0.76077678574972107
0.49838587377852150
0.20542963405314027
0.17993595134286802E-1
0.35325515557366483
0.26844779105272798
0.13349095460811025
0.65780636302477909E-2
0.30660112681106888
0.15451487803409918E-1
0.25361857507990110
0.22912557447758435E-1
0.14508859146689809
0.41003794762222254E-1
10.233415807818272
9.1101360776530793
12.289065923451057
8.6121808702334945
5.6573284573028060
1.8463103056629850
0.27899279512613712
0.15307940460058114
0.25632472091482061E-1
0.36868644053267550E-2
8.4161931944666808
7.8271418401798067
7.3387479099907784
6.6064137938503418
5.9649794943696923
5.1597201015869381
4.1091339154800011
3.1042030610174427
2.3067959744308939
0.32557027554504225
0.16917637064444802
0.28009931132541358E-1
7.3027490655330620
7.2160710782756849
6.8097485302254332
6.2389027957071654
5.5595492290304431
4.7912992034253650
3.9111469797766332
2.9345584202566539
1.9924053559461723
0.21830639964029550
0.17943596818008123
0.14330798591778404
0.10695213034068245
0.68969576615348971E-1
0.26389211185702244E-1
0.37429966891174638E-2
3.8687176207239347
3.6763387678984287
3.4495149416006776
3.1739358705105132
2.8322694009766551
2.4393673756244425
1.9791448934559097
1.4831327915611181
0.99841656796673606
0.10793142738194159
0.89647714048923244E-1
0.70609219287055935E-1
0.51813601669432247E-1
0.47575163209116304E-1
5.2777649775234075
5.3519713284669495
5.1323685818427576
4.8959821206480338
4.5366413628730671
3.9583894197441269
3.2932656595108161
2.4942969954644765
1.6961270289505499
0.18590547098152829
0.15360026692226791
0.12133917631156735
0.88716102095596786E-1
0.57580533895012345E-1
0.21773640982189691E-1
0.30663031884868228E-2
11.453802322442600
11.109720301220460
8.8832146964664513
5.6286313359602564
1.7889787712998491
0.28231241677234148
0.15132923911647564
0.25840363175484885E-1
5.8157216408939076
5.0951821912491297
2.1707114680176134
1.8517089793163857
1.5038785964198775
1.1125526061375568
0.74856605317823399
0.81736871390245935E-1
0.68471307952600202E-1
0.54500209676816458E-1
0.63695202880462015E-1
0.10376238338465399E-1
4.5622800209273793
4.0028961119971598
3.0903675547755061
2.0407282697851974
0.66151246477542569
0.95283902412199487E-1
0.49672710688714122E-1
0.77195559856659797E-2
3.9387159574223016
3.3155152102294125
2.7422874396034205
2.3151791727418449
2.1514000372525897
1.8897957432822863
1.5403410804942668
1.1437803974564429
0.84895090847797583
0.12315294401458975
0.53834366514060865E-1
0.80363912275060526E-2
1.7475573529931516
1.4398644411756245
1.1566377647566586
0.75883169693073071
0.28186173509370333
0.21002354874663901E-1
1.4910401137688996
1.4116936191179554
2.8290037854763250
2.2862410839708325
1.5773204912857368
0.49718799481595638
0.10013180420210648
0.19269372815262330E-1
0.36694176749576152
0.37076524449850962
0.40396166624045743
0.41350588431779917
0.77401100602930473
0.50688988909885013
0.20925380440306515
0.18297363235286464E-1
0.35997273180333328
0.27355289672738708
0.13602957888337855
0.67031461947326997E-2
0.31285291446130536
0.15766553248967339E-1
0.25916348215995283
0.23413498681948957E-1
0.14873141881148916
0.42033301929406401E-1
10.190827394431594
9.0722224182679536
12.237922509608318
8.5763395513669121
5.6337843496921529
1.8386265148335743
0.27783171062474721
0.15244233394044679
0.25525797415298136E-1
0.36715207792742763E-2
8.3670210530085800
7.7814112685442858
7.2958708108062362
6.5678154030938725
5.9301287241087781
5.1295741102988286
4.0851260404831313
3.0860665581468365
2.2933183729371129
0.32366811060256218
0.16818794699060816
0.27846281336956040E-1
7.2689696293497859
7.1757429951584291
6.7736104564823165
6.1987557670173761
5.5123704292349034
4.7470384943682244
3.8692608219859177
2.9038063638252476
1.9712480923923741
0.21573237828765157
0.17741348784647790
0.14170016791083750
0.10551250650612339
0.67910667928856167E-1
0.25969828833916384E-1
0.37158271712056635E-2
3.8353323783884115
3.6449851746986814
3.4203886287215508
3.1475530608484847
2.8089532682432510
2.4193365580789967
1.9630115243001134
1.4711095994473915
0.99036422699847382
0.10707089233769650
0.88928176355840174E-1
0.70037962067795501E-1
0.51401523505672342E-1
0.47192249260344717E-1
5.2283192283281466
5.2933874826084946
5.0850364967406740
4.8446703506417936
4.4936773927010254
3.9280684124767662
3.2629273732477246
2.4753289449509319
1.6802808774527722
0.18414759027174005
0.15215400954625058
0.12019419821488131
0.87883258136013387E-1
0.57038371608908893E-1
0.21568626436940356E-1
0.30374317308239349E-2
11.327701146522587
10.987407312512655
8.7854145260392489
5.5666626542680566
1.7692829252911548
0.27920428492846822
0.14966317273376203
0.25555872480526393E-1
5.7446964345545135
5.0307310869424340
2.1435267355216494
1.8290722808910356
1.4850228450573040
1.0985920812190535
0.73833500715511435
0.80210338132977912E-1
0.66892814789353230E-1
0.53343653578860603E-1
0.62936605143538438E-1
0.10245806488793382E-1
4.4995071033814122
3.9478198197856189
3.0478468443384421
2.0126496628550354
0.65241064129758131
0.93972880615610335E-1
0.48989258345139314E-1
0.76133417574386682E-2
3.8775907960568228
3.2640615374015791
2.6997297217917544
2.2792497728933583
2.1180123353059819
1.8604678935453065
1.5164364379353990
1.1260300031358144
0.83577599009517178
0.12124172633428457
0.52998907858054126E-1
0.79116740059832023E-2
1.7171012740436595
1.4147707725633172
1.1364801138394753
0.74560693035496384
0.27694950532215873
0.20636330047442950E-1
1.4618398203084912
1.3840472348431327
2.7736010233549848
2.2414677006414974
1.5464304965757774
0.48745114386234878
0.98170838805923422E-1
0.18892004469630491E-1
0.35778556531713429
0.36227690276352847
0.39563867505953793
0.40456329270469699
0.75541172037080684
0.49495999173458988
0.20384669913206843
0.17871653498069216E-1
0.35055862278405081
0.26639849461902376
0.13247189628573316
0.65278546497031451E-2
0.30409154700894947
0.15325014877144298E-1
0.25139274982939036
0.22711470642878585E-1
0.14362629517053421
0.40590532102412487E-1
10.188817906896734
9.0704335038690171
12.235509363768061
8.5746484180804625
5.6326734468197346
1.8382639635980547
0.27777692612711213
0.15241227446068306
0.25520764087802916E-1
0.36707968071222250E-2
8.3647228036871457
7.7792738742369894
7.2938667845185075
6.5660113587156115
5.9284998392010131
5.1281651213476183
4.0840039400257480
3.0852188788678880
2.2926884453486625
0.32357920560150510
0.16814174920616423
0.27838632533782048E-1
7.2677244872459905
7.1740632606919945
6.7721494040850034
6.1969620817037496
5.5100346973611423
4.7447926584974436
3.8670553460111656
2.9021952532464752
1.9701362412415460
0.21559401083676513
0.17730578541828226
0.14161463237105085
0.10543317152288675
0.67851066267636331E-1
0.25946104392134947E-1
0.37145516737772844E-2
3.8337481224244336
3.6435039780285989
3.4190179559514484
3.1463191178993113
2.8078669673990131
2.4184042739725915
1.9622628632339818
1.4705529357038594
0.98999219997946730
0.10703132512065941
0.88894999593552529E-1
0.70011535149442444E-1
0.51382596206659387E-1
0.47174573249766934E-1
5.2260060658138690
5.2905957596046695
5.0828267604050188
4.8422369733487685
4.4916646679656687
3.9266908494012642
3.2615112093833023
2.4744681981439283
1.6795398336903808
0.18406525548145117
0.15208630729171027
0.12014058451974778
0.87844285950853820E-1
0.57012991887633417E-1
0.21559029288357331E-1
0.30360801990647504E-2
11.321808168529184
10.981691364619991
8.7808441146384535
5.5637667250681266
1.7683624962289841
0.27905903527141390
0.14958531388385640
0.25542577621120947E-1
5.7412901773307050
5.0277718136675142
2.1422937477050077
1.8280163127629214
1.4841408343328524
1.0979556394274788
0.73791138888328323
0.80131795759828595E-1
0.66792483736738545E-1
0.53264441788037610E-1
0.62905072693418482E-1
0.10239721120319862E-1
4.4965819889367484
3.9452533553897506
3.0458654493490225
2.0113412460739086
0.65198651133248398
0.93911789161773340E-1
0.48957410592946400E-1
0.76083923495512762E-2
3.8747480830622987
3.2616686108048034
2.6977505142978524
2.2775788248000834
2.1164595925064424
1.8591039599754584
1.5153247183666727
1.1252044956775771
0.83516327168507787
0.12115284242438890
0.52960053659148743E-1
0.79058738533399377E-2
1.7156877873039678
1.4136061588291415
1.1355445839466740
0.74499316020348227
0.27672152549402940
0.20619342593459371E-1
1.4604879729181837
1.3827673267324823
2.7710361149066807
2.2393948864935487
1.5450004233201136
0.48700036974361283
0.98080054582918699E-1
0.18874533946126381E-1
0.35735198066833995
0.36188805334675350
0.39527472251728846
0.40416344807820204
0.75454323613321428
0.49440739949740486
0.20358746141138234
0.17852024371832562E-1
0.35012597654152849
0.26606969134806990
0.13230839140585185
0.65197989436009190E-2
0.30368972068293737
0.15304764414792636E-1
0.25103712726632005
0.22679342781567552E-1
0.14339384149858841
0.40524837876837458E-1
10.203026291763628
9.0830822930916906
12.252571875599315
8.5866058311911537
5.6405282532254688
1.8408274368213873
0.27816428818516653
0.15262481454862700
0.25556352989437058E-1
0.36759157614779073E-2
8.3811057736530756
7.7945101962561942
7.3081523984319290
6.5788714103168884
5.9401112741628310
5.1382090375819169
4.0920027841548912
3.0912615236054442
2.2971788566656786
0.32421296102070823
0.16847106809597243
0.27893156693326520E-1
7.2774112119142558
7.1865210065063900
6.7831086749073988
6.2099255104256974
5.5263220887359106
4.7603249173097710
3.8821247106068166
2.9132214183648939
1.9777379748617643
0.21653316956064161
0.17803900862205688
0.14219713226509353
0.10596743587977794
0.68249807200434470E-1
0.26104576955687953E-1
0.37236095263865820E-2
3.8449658117843630
3.6540084768961920
3.4287518842811138
3.1551011710317547
2.8156088728312474
2.4250509413712420
1.9676060473008101
1.4745290598789060
0.99265151904883286
0.10731464570416055
0.89132323700498270E-1
0.70200352319711043E-1
0.51518176173290797E-1
0.47300963118196877E-1
5.2424768359792955
5.3103490479128963
5.0985722196739847
4.8594831118904684
4.5059893477642392
3.9365999083805634
3.2716025731205463
2.4806622808408094
1.6848170593507152
0.18465127687841543
0.15256827116913727
0.12052221714879451
0.88121760616889810E-1
0.57193666947230812E-1
0.21627350188078098E-1
0.30457015845200097E-2
11.363821188951272
11.022442277963789
8.8134281133796524
5.5844127774976098
1.7749245443189907
0.28009456888700851
0.15014039578892838
0.25637361141496409E-1
5.7656135448569641
5.0489229310861470
2.1511296971563043
1.8355803955497989
1.4904378611796070
1.1025127143631575
0.74094808436574067
0.80667010273820894E-1
0.67458720186234139E-1
0.53790699087630962E-1
0.63135026891868964E-1
0.10283166996416194E-1
4.5174875895155839
3.9635957076548745
3.0600263490407511
2.0206924147663985
0.65501774030200821
0.94348405764937776E-1
0.49185024383542983E-1
0.76437654422466016E-2
3.8950993038552091
3.2787997730452485
2.7119198267753934
2.2895412823697461
2.1275758084624306
1.8688684748175519
1.5232836120173954
1.1311143728199928
0.83954977418171495
0.12178916979148802
0.53238214128453344E-1
0.79473976326673041E-2
1.7258250219059692
1.4219585277000557
1.1422540108795243
0.74939499280831579
0.27835654967740070
0.20741173100592262E-1
1.4702038647436435
1.3919661821941050
2.7894704242855388
2.2542924542072935
1.5552785339664299
0.49024013823135570
0.98732531849581001E-1
0.19000096726154013E-1
0.36044748864647153
0.36469959398546242
0.39795461945165678
0.40708189314089721
0.76077678574972107
0.49838587377852150
0.20542963405314027
0.17993595134286802E-1
0.35325515557366483
0.26844779105272798
0.13349095460811025
0.65780636302477909E-2
0.30660112681106888
0.15451487803409918E-1
0.25361857507990110
0.22912557447758435E-1
0.14508859146689809
0.41003794762222254E-1
10.188817906896734
9.0704335038690171
12.235509363768061
8.5746484180804625
5.6326734468197346
1.8382639635980547
0.27777692612711213
0.15241227446068306
0.25520764087802916E-1
0.36707968071222250E-2
8.3647228036871457
7.7792738742369894
7.2938667845185075
6.5660113587156115
5.9284998392010131
5.1281651213476183
4.0840039400257480
3.0852188788678880
2.2926884453486625
0.32357920560150510
0.16814174920616423
0.27838632533782048E-1
7.2677244872459905
7.1740632606919936
6.7721494040850034
6.1969620817037496
5.5100346973611423
4.7447926584974436
3.8670553460111656
2.9021952532464752
1.9701362412415460
0.21559401083676513
0.17730578541828229
0.14161463237105085
0.10543317152288675
0.67851066267636331E-1
0.25946104392134947E-1
0.37145516737772844E-2
3.8337481224244336
3.6435039780285989
3.4190179559514484
3.1463191178993113
2.8078669673990131
2.4184042739725915
1.9622628632339818
1.4705529357038594
0.98999219997946730
0.10703132512065941
0.88894999593552529E-1
0.70011535149442444E-1
0.51382596206659387E-1
0.47174573249766934E-1
5.2260060658138690
5.2905957596046695
5.0828267604050188
4.8422369733487685
4.4916646679656687
3.9266908494012633
3.2615112093833023
2.4744681981439283
1.6795398336903808
0.18406525548145117
0.15208630729171027
0.12014058451974778
0.87844285950853820E-1
0.57012991887633417E-1
0.21559029288357331E-1
0.30360801990647504E-2
11.321808168529184
10.981691364619991
8.7808441146384535
5.5637667250681266
1.7683624962289841
0.27905903527141390
0.14958531388385640
0.25542577621120947E-1
5.7412901773307050
5.0277718136675142
2.1422937477050077
1.8280163127629214
1.4841408343328524
1.0979556394274788
0.73791138888328323
0.80131795759828608E-1
0.66792483736738559E-1
0.53264441788037617E-1
0.62905072693418482E-1
0.10239721120319862E-1
4.4965819889367484
3.9452533553897506
3.0458654493490225
2.0113412460739086
0.65198651133248398
0.93911789161773340E-1
0.48957410592946400E-1
0.76083923495512762E-2
3.8747480830622987
3.2616686108048034
2.6977505142978524
2.2775788248000834
2.1164595925064424
1.8591039599754584
1.5153247183666727
1.1252044956775771
0.83516327168507787
0.12115284242438890
0.52960053659148743E-1
0.79058738533399377E-2
1.7156877873039678
1.4136061588291415
1.1355445839466740
0.74499316020348227
0.27672152549402940
0.20619342593459371E-1
1.4604879729181837
1.3827673267324823
2.7710361149066807
2.2393948864935487
1.5450004233201136
0.48700036974361283
0.98080054582918699E-1
0.18874533946126381E-1
0.35735198066833995
0.36188805334675350
0.39527472251728846
0.40416344807820204
0.75454323613321428
0.49440739949740486
0.20358746141138234
0.17852024371832562E-1
0.35012597654152849
0.26606969134806990
0.13230839140585185
0.65197989436009190E-2
0.30368972068293737
0.15304764414792636E-1
0.25103712726632005
0.22679342781567552E-1
0.14339384149858841
0.40524837876837458E-1
10.190827394431597
9.0722224182679572
12.237922509608323
8.5763395513669156
5.6337843496921556
1.8386265148335752
0.27783171062474726
0.15244233394044687
0.25525797415298146E-1
0.36715207792742777E-2
8.3670210530085836
7.7814112685442893
7.2958708108062398
6.5678154030938751
5.9301287241087808
5.1295741102988304
4.0851260404831331
3.0860665581468378
2.2933183729371138
0.32366811060256234
0.16818794699060824
0.27846281336956054E-1
7.2689696293497885
7.1757429951584317
6.7736104564823183
6.1987557670173778
5.5123704292349069
4.7470384943682280
3.8692608219859213
2.9038063638252503
1.9712480923923761
0.21573237828765179
0.17741348784647806
0.14170016791083767
0.10551250650612351
0.67910667928856250E-1
0.25969828833916426E-1
0.37158271712056656E-2
3.8353323783884146
3.6449851746986841
3.4203886287215530
3.1475530608484870
2.8089532682432528
2.4193365580789985
1.9630115243001147
1.4711095994473924
0.99036422699847437
0.10707089233769658
0.88928176355840244E-1
0.70037962067795542E-1
0.51401523505672383E-1
0.47192249260344737E-1
5.2283192283281510
5.2933874826084999
5.0850364967406785
4.8446703506417981
4.4936773927010289
3.9280684124767689
3.2629273732477273
2.4753289449509333
1.6802808774527735
0.18414759027174019
0.15215400954625069
0.12019419821488141
0.87883258136013456E-1
0.57038371608908942E-1
0.21568626436940373E-1
0.30374317308239371E-2
11.327701146522598
10.987407312512664
8.7854145260392560
5.5666626542680611
1.7692829252911564
0.27920428492846849
0.14966317273376217
0.25555872480526418E-1
5.7446964345545206
5.0307310869424393
2.1435267355216516
1.8290722808910376
1.4850228450573058
1.0985920812190546
0.73833500715511513
0.80210338132978051E-1
0.66892814789353397E-1
0.53343653578860728E-1
0.62936605143538507E-1
0.10245806488793394E-1
4.4995071033814176
3.9478198197856234
3.0478468443384457
2.0126496628550377
0.65241064129758197
0.93972880615610432E-1
0.48989258345139369E-1
0.76133417574386752E-2
3.8775907960568281
3.2640615374015840
2.6997297217917584
2.2792497728933614
2.1180123353059850
1.8604678935453092
1.5164364379354012
1.1260300031358161
0.83577599009517300
0.12124172633428473
0.52998907858054202E-1
0.79116740059832127E-2
1.7171012740436624
1.4147707725633194
1.1364801138394773
0.74560693035496517
0.27694950532215917
0.20636330047442985E-1
1.4618398203084939
1.3840472348431352
2.7736010233549897
2.2414677006415014
1.5464304965757802
0.48745114386234961
0.98170838805923602E-1
0.18892004469630526E-1
0.35778556531713512
0.36227690276352925
0.39563867505953865
0.40456329270469782
0.75541172037080850
0.49495999173459099
0.20384669913206893
0.17871653498069254E-1
0.35055862278405164
0.26639849461902443
0.13247189628573350
0.65278546497031615E-2
0.30409154700895030
0.15325014877144338E-1
0.25139274982939108
0.22711470642878651E-1
0.14362629517053463
0.40590532102412612E-1
10.233415807818268
9.1101360776530740
12.289065923451052
8.6121808702334910
5.6573284573028033
1.8463103056629842
0.27899279512613701
0.15307940460058106
0.25632472091482051E-1
0.36868644053267533E-2
8.4161931944666755
7.8271418401798023
7.3387479099907749
6.6064137938503382
5.9649794943696888
5.1597201015869354
4.1091339154799984
3.1042030610174409
2.3067959744308926
0.32557027554504209
0.16917637064444793
0.28009931132541344E-1
7.3027490655330585
7.2160710782756814
6.8097485302254279
6.2389027957071610
5.5595492290304387
4.7912992034253614
3.9111469797766296
2.9345584202566517
1.9924053559461705
0.21830639964029533
0.17943596818008109
0.14330798591778393
0.10695213034068235
0.68969576615348915E-1
0.26389211185702220E-1
0.37429966891174607E-2
3.8687176207239315
3.6763387678984252
3.4495149416006745
3.1739358705105105
2.8322694009766529
2.4393673756244403
1.9791448934559079
1.4831327915611170
0.99841656796673517
0.10793142738194149
0.89647714048923174E-1
0.70609219287055866E-1
0.51813601669432205E-1
0.47575163209116263E-1
5.2777649775234021
5.3519713284669441
5.1323685818427522
4.8959821206480294
4.5366413628730635
3.9583894197441230
3.2932656595108130
2.4942969954644743
1.6961270289505483
0.18590547098152810
0.15360026692226775
0.12133917631156724
0.88716102095596702E-1
0.57580533895012297E-1
0.21773640982189670E-1
0.30663031884868197E-2
11.453802322442593
11.109720301220452
8.8832146964664442
5.6286313359602529
1.7889787712998477
0.28231241677234137
0.15132923911647553
0.25840363175484864E-1
5.8157216408939014
5.0951821912491235
2.1707114680176107
1.8517089793163837
1.5038785964198760
1.1125526061375555
0.74856605317823321
0.81736871390245838E-1
0.68471307952600119E-1
0.54500209676816389E-1
0.63695202880461946E-1
0.10376238338465387E-1
4.5622800209273731
4.0028961119971544
3.0903675547755021
2.0407282697851947
0.66151246477542480
0.95283902412199362E-1
0.49672710688714053E-1
0.77195559856659693E-2
3.9387159574222959
3.3155152102294076
2.7422874396034165
2.3151791727418418
2.1514000372525866
1.8897957432822836
1.5403410804942645
1.1437803974564411
0.84895090847797461
0.12315294401458958
0.53834366514060789E-1
0.80363912275060422E-2
1.7475573529931487
1.4398644411756223
1.1566377647566568
0.75883169693072949
0.28186173509370283
0.21002354874663866E-1
1.4910401137688969
1.4116936191179530
2.8290037854763201
2.2862410839708285
1.5773204912857344
0.49718799481595549
0.10013180420210631
0.19269372815262295E-1
0.36694176749576080
0.37076524449850895
0.40396166624045665
0.41350588431779839
0.77401100602930328
0.50688988909884924
0.20925380440306476
0.18297363235286430E-1
0.35997273180333245
0.27355289672738647
0.13602957888337824
0.67031461947326841E-2
0.31285291446130459
0.15766553248967297E-1
0.25916348215995211
0.23413498681948895E-1
0.14873141881148869
0.42033301929406262E-1
10.308037137132581
9.1765665322652499
12.378676905009971
8.6749802714208410
5.6985812880075928
1.8597734671256538
0.28102719044754310
0.15419564856803644
0.25819382227549929E-1
0.37137487544134898E-2
8.5021505753227480
7.9070830435986084
7.4137009837296848
6.6738872956402151
6.0259018142771374
5.2124180394354198
4.1511018671180082
3.1359073195349252
2.3303560491047697
0.32889543307455799
0.17090422519665732
0.28296005877082038E-1
7.3780330445949973
7.2968639496437824
6.8842239971114463
6.3136193665560310
5.6366355298403077
4.8610510983966426
3.9733884793955410
2.9806363914501071
2.0239461715887286
0.22199799776101906
0.18238437516807657
0.14565588943137239
0.10892521647131234
0.70362218188410444E-1
0.26935167121010576E-1
0.37906632608823588E-2
3.9264222817103254
3.7308375700850025
3.5003861219259305
3.2203657482064343
2.8734960058836365
2.4748288677727879
2.0078088998753199
1.5045525183439488
1.0127983932014188
0.10947713608085635
0.90935904489947733E-1
0.71627936418924135E-1
0.52554701973907270E-1
0.48259755180199121E-1
5.3633427035800132
5.4522269570921713
5.2170588681679542
4.9852930121214873
4.6101797606474095
4.0184734688050208
3.3436565396379692
2.5296476849246488
1.7232052384548540
0.18902793707892282
0.15614113445686292
0.12334748036217168
0.90182548760400966E-1
0.58533035554872909E-1
0.22133822240921298E-1
0.31170262137716303E-2
11.675790581773597
11.325039843316087
9.0553819220058891
5.7377208799833328
1.8236512994473633
0.28778396588961791
0.15426217906354700
0.26341180029165610E-1
5.9371457001456260
5.2108732378189213
2.2193602944965622
1.8919939626694973
1.5367553443200117
1.1377524719518477
0.76800306694426412
0.84324923559031831E-1
0.70804931181990521E-1
0.56103628197743810E-1
0.65096667287420348E-1
0.10606212152768239E-1
4.6731050000974168
4.1001327735341544
3.1654374580507847
2.0903007789151129
0.67758164614815397
0.97598498721858995E-1
0.50879339195106642E-1
0.79070761789441345E-2
4.0468320405590621
3.4065246970736860
2.8175620671749630
2.3787298594688124
2.2104550561476950
1.9416698352200858
1.5826227900965690
1.1751766844388956
0.87225425098660947
0.12653344011472795
0.55312097050755404E-1
0.82569867595182686E-2
1.8015362193903086
1.4843392334719214
1.1923642004394543
0.78227062711313411
0.29056793115361229
0.21651079396273126E-1
1.5429210512797524
1.4608136848771522
2.9274393454970884
2.3657911441717077
1.6322035659175351
0.51448771670270832
0.10361590354234974
0.19939853185086173E-1
0.38275478678565095
0.38602136446857110
0.41970881971207880
0.43002499432460184
0.80669082755909649
0.52805460322927433
0.21844693715565766
0.19056693598072095E-1
0.37681683340406025
0.28635352974629275
0.14239496051426395
0.70167941380096851E-2
0.32856055903160419
0.16558156597013186E-1
0.27312544352791340
0.24674858350995272E-1
0.15794459778873479
0.44637057993692046E-1
10.288174243998396
9.1588839067620356
12.354824028537386
8.6582641688515469
5.6876005057660901
1.8561898089432203
0.28048566998371471
0.15389852394105671
0.25769630017390625E-1
0.37065926107505602E-2
8.4792945624299119
7.8858267284594996
7.3937710090995514
6.6559461344336341
6.0097026081659406
5.1984056912822387
4.1399426154729353
3.1274771773619481
2.3240914402353581
0.32801127580256551
0.17044478977029912
0.28219938784478496E-1
7.3568774171458040
7.2746533681683268
6.8636247327875166
6.2934241586894499
5.6164963069856650
4.8430180167685739
3.9575862876713943
2.9689068353221515
2.0159301415491631
0.22107160731826728
0.18164045273019791
0.14506315028854752
0.10843780320342576
0.70023368832291114E-1
0.26802843520199151E-1
0.37779677580161938E-2
3.9111099673570995
3.7163549292456732
3.4868508221475594
3.2079883017613735
2.8624925908215202
2.4653612191841492
2.0001491999062191
1.4988247657679643
1.0089501922387640
0.10906296212951670
0.90591014385813823E-1
0.71355458959016196E-1
0.52356062781693039E-1
0.48076530242311358E-1
5.3406452105549835
5.4257681152311443
5.1943527669222478
4.9615826041472042
4.5907486398946249
4.0018496367884726
3.3304737213037070
2.5200353087917384
1.7160534269743790
0.18819287507328064
0.15546397013680091
0.12281253796559335
0.89791438470820800E-1
0.58279185194680783E-1
0.22037830657791819E-1
0.31035080659497487E-2
11.616574398366685
11.267602564721926
9.0094556823257932
5.7086208434943986
1.8144022752325144
0.28632441006885057
0.15347980656172797
0.26207585294244915E-1
5.9059523382596613
5.1791965256743504
2.2063153255988381
1.8808750537490535
1.5282113859783089
1.1307964046109773
0.76264406534649398
0.83683355438189194E-1
0.70252686462878758E-1
0.55719578499732622E-1
0.64722220481320730E-1
0.10544821884457567E-1
4.6435032402031498
4.0741605032996446
3.1453860105460567
2.0770597792450958
0.67328950865121751
0.96980261527285991E-1
0.50557044279327709E-1
0.78569888450387565E-2
4.0179296130219564
3.3821953371635751
2.7974390715424167
2.3617409983783118
2.1946680117524675
1.9278024517579153
1.5713197164698669
1.1667835861771261
0.86602462123415014
0.12562973975175676
0.54917058694601159E-1
0.81980154557675846E-2
1.7870929827867750
1.4724390215759882
1.1828048043644985
0.77599902422567535
0.28823839631890813
0.21477498838149183E-1
1.5290237626496941
1.4476559478713358
2.9010715222713839
2.3444821586330633
1.6175020981789543
0.50985365957469986
0.10268262175388886
0.19760252359286117E-1
0.37854654359702378
0.38191972992216927
0.41542235478703138
0.42555388024760399
0.79795496928748033
0.52238298825154117
0.21601053019667663
0.18852934862406068E-1
0.37229067035366747
0.28291390426150537
0.14068453587497223
0.69325134645125781E-2
0.32433600638060422
0.16345255801635438E-1
0.26936677319974645
0.24335290360779332E-1
0.15545950837802205
0.43934741601118314E-1
10.354720173486893
9.2181253647892696
12.434737454296618
8.7142675201953743
5.7243890217106213
1.8681960088008147
0.28229990632678192
0.15489396978787831
0.25936313040190544E-1
0.37305675789682177E-2
8.5561037750786326
7.9572600461296954
7.4607470677247782
6.7162386479504237
6.0641411610653124
5.2454951567131465
4.1774440526932315
3.1558072533843542
2.3451440917659538
0.33098254748664263
0.17198875430720062
0.28475567511971334E-1
7.4296574082923241
7.3502730164586900
6.9339636213243434
6.3616174904680705
5.6833410423524535
4.9025449581101759
4.0092457035179638
3.0073072993017358
2.0421502698133427
0.22408086478364495
0.18406421793972633
0.14699493858055246
0.11000725052551194
0.71105018700025904E-1
0.27224284349879873E-1
0.38205232240310460E-2
3.9623745194754667
3.7648771088842419
3.5322270271593932
3.2495228290479230
2.8994381989564193
2.4971551841534807
2.0258832398693092
1.5180746043240130
1.0218872686761344
0.11045632375988267
0.91750823185840047E-1
0.72271313105735882E-1
0.53024424662851580E-1
0.48692581731654312E-1
5.4166196182417847
5.5138721225039591
5.2709202971661542
5.0410074725097722
4.6560369465304792
4.0580764352420449
3.3748653705204532
2.5528190297572584
1.7398538680807736
0.19098908851592414
0.15774587973249365
0.12460893386646280
0.91104830203245904E-1
0.59131831352915845E-1
0.22360181040851267E-1
0.31489035057015867E-2
11.815576772540419
11.460626737316300
9.1637957665289260
5.8064146562102001
1.8454846191400489
0.29122940490068377
0.15610905377748238
0.26656544816739659E-1
6.0069490049349872
5.2883871317688866
2.2503830698204137
1.9195503128717890
1.5561742573318242
1.1549634756630451
0.78116768714498586
0.85649570307792161E-1
0.71844074491568863E-1
0.56849274032521213E-1
0.65983346941908452E-1
0.10751344660890536E-1
4.7431810070347913
4.1616167189358402
3.2129050876601277
2.1216460904117302
0.68774238855285608
0.99062046635583975E-1
0.51642305344236819E-1
0.80256475196605285E-2
4.1153776806002318
3.4642247482091690
2.8652862112250710
2.4190210203245539
2.2478959617961918
1.9745580302995653
1.6094294109307576
1.1950819429692685
0.88702857947696323
0.12867667599710392
0.56248978803287830E-1
0.83968444152277607E-2
1.8358561910030020
1.5126164780857450
1.2150792061499267
0.79717318939692339
0.29610336421425087
0.22063540951176380E-1
1.5760241209070385
1.4921551570042395
2.9902469845550090
2.4165487308312295
1.6672221744481903
0.52552595011994441
0.10583896250354000
0.20367658838393112E-1
0.39275401264938647
0.39584029335724807
0.43006198439066534
0.44078041445947719
0.82751648274521039
0.54159967712135348
0.22421833507172306
0.19543797778997982E-1
0.38767143986594121
0.29460237440536841
0.14649686700102799
0.72189164365853544E-2
0.33871036709020891
0.17069666900499849E-1
0.28217546517197134
0.25492460692454713E-1
0.16396721587047774
0.46339122871834997E-1
10.288174243998393
9.1588839067620302
12.354824028537381
8.6582641688515416
5.6876005057660874
1.8561898089432194
0.28048566998371455
0.15389852394105663
0.25769630017390615E-1
0.37065926107505585E-2
8.4792945624299083
7.8858267284594961
7.3937710090995479
6.6559461344336306
6.0097026081659370
5.1984056912822361
4.1399426154729335
3.1274771773619463
2.3240914402353572
0.32801127580256528
0.17044478977029900
0.28219938784478482E-1
7.3568774171458005
7.2746533681683223
6.8636247327875122
6.2934241586894464
5.6164963069856615
4.8430180167685704
3.9575862876713912
2.9689068353221493
2.0159301415491617
0.22107160731826705
0.18164045273019774
0.14506315028854741
0.10843780320342568
0.70023368832291044E-1
0.26802843520199123E-1
0.37779677580161916E-2
3.9111099673570968
3.7163549292456706
3.4868508221475567
3.2079883017613713
2.8624925908215180
2.4653612191841474
2.0001491999062173
1.4988247657679632
1.0089501922387634
0.10906296212951662
0.90591014385813753E-1
0.71355458959016141E-1
0.52356062781693004E-1
0.48076530242311330E-1
5.3406452105549791
5.4257681152311399
5.1943527669222442
4.9615826041472006
4.5907486398946213
4.0018496367884699
3.3304737213037048
2.5200353087917371
1.7160534269743777
0.18819287507328050
0.15546397013680080
0.12281253796559326
0.89791438470820745E-1
0.58279185194680741E-1
0.22037830657791802E-1
0.31035080659497466E-2
11.616574398366673
11.267602564721914
9.0094556823257843
5.7086208434943932
1.8144022752325126
0.28632441006885023
0.15347980656172780
0.26207585294244884E-1
5.9059523382596550
5.1791965256743442
2.2063153255988359
1.8808750537490513
1.5282113859783071
1.1307964046109760
0.76264406534649298
0.83683355438189042E-1
0.70252686462878605E-1
0.55719578499732525E-1
0.64722220481320661E-1
0.10544821884457555E-1
4.6435032402031444
4.0741605032996393
3.1453860105460527
2.0770597792450936
0.67328950865121662
0.96980261527285866E-1
0.50557044279327647E-1
0.78569888450387461E-2
4.0179296130219511
3.3821953371635707
2.7974390715424127
2.3617409983783086
2.1946680117524648
1.9278024517579126
1.5713197164698647
1.1667835861771245
0.86602462123414892
0.12562973975175659
0.54917058694601083E-1
0.81980154557675742E-2
1.7870929827867723
1.4724390215759862
1.1828048043644970
0.77599902422567424
0.28823839631890774
0.21477498838149152E-1
1.5290237626496912
1.4476559478713331
2.9010715222713785
2.3444821586330589
1.6175020981789514
0.50985365957469886
0.10268262175388866
0.19760252359286079E-1
0.37854654359702294
0.38191972992216844
0.41542235478703060
0.42555388024760321
0.79795496928747867
0.52238298825154006
0.21601053019667613
0.18852934862406030E-1
0.37229067035366664
0.28291390426150470
0.14068453587497190
0.69325134645125625E-2
0.32433600638060339
0.16345255801635396E-1
0.26936677319974572
0.24335290360779270E-1
0.15545950837802158
0.43934741601118182E-1
10.144001351334230
9.0305362762596211
12.181690226921415
8.5369319517769746
5.6078975577223380
1.8301781719178072
0.27655509596413214
0.15174187351435239
0.25408508401992266E-1
0.36546504326783660E-2
8.3136685847885801
7.7317929522066597
7.2493485523937524
6.5259356037783931
5.8923151459799463
5.0968652838278539
4.0590771569116955
3.0663881962871962
2.2786949848955023
0.32160423476487188
0.16711549336106019
0.27668718996588688E-1
7.2636613630422069
7.1515008079577473
6.7559795408761065
6.1633632981790205
5.4496603145761666
4.6831496219124196
3.8013738364764982
2.8547165398297341
1.9371580545502882
0.21129782267986086
0.17402335848128567
0.13901298469503079
0.10285182454194422
0.65838034851156482E-1
0.25137920548681653E-1
0.36861647360386485E-2
3.7971058292878617
3.6097159060464779
3.3881280491195560
3.1190544402104710
2.7841668895817553
2.3981331443770979
1.9461449511046081
1.4586601835073900
0.98210135914178165
0.10620593080361164
0.88196153035655034E-1
0.69448523599495229E-1
0.50989220330337426E-1
0.46800750838823263E-1
5.1731752638453727
5.2246234914478329
5.0350984456066872
4.7840248086728723
4.4545961217395629
3.8951919745196117
3.2345846614049889
2.4525852328696902
1.6628097680099654
0.18223254604170808
0.15058135416664323
0.11895539692719879
0.86975036054179208E-1
0.56448826172529672E-1
0.21345694313771528E-1
0.30060370054012160E-2
11.190907125455823
10.854722700874717
8.6793213157567539
5.4994392910675467
1.7479169550360476
0.27583259668030502
0.14785583098462471
0.25247258180655510E-1
5.6656736806174219
4.9620559324741658
2.1148867633955337
1.8045478608053267
1.4645622071453006
1.0838130963304258
0.72849411316178325
0.78417182862630122E-1
0.64621936573414210E-1
0.51550490918405571E-1
0.62199664879418443E-1
0.10104639814232517E-1
4.4316847024407613
3.8883131643882463
3.0019057476954178
1.9823123994057488
0.64257666280274151
0.92556399601085401E-1
0.48250828769425956E-1
0.74985836060884542E-2
3.8117316041985783
3.2086228729485251
2.6538759875881102
2.2405377075979453
2.0820388177055960
1.8288686561859377
1.4906804251017651
1.1069048736636498
0.82158069869460260
0.11918248838581555
0.52098744477108799E-1
0.77772976667341504E-2
1.6843813769797562
1.3878118769250429
1.1148241329709554
0.73139915916515164
0.27167214664621980
0.20243098381299594E-1
1.4305783492696935
1.3544493596537390
2.7142875152262391
2.1935338732586742
1.5133600523926278
0.47702699232058421
0.96071453639675730E-1
0.18487998611815267E-1
0.34698271718179191
0.35347516417996439
0.38861140504839076
0.39619872061854222
0.73460303701481189
0.48202644890976143
0.19717211032256207
0.17418432832348191E-1
0.34058400793565363
0.25881749039101137
0.12870205078159330
0.63421454746032061E-2
0.29483501824641017
0.14858522327805353E-1
0.24320790406055032
0.21972030525684846E-1
0.13828749315842809
0.39081721764243148E-1
10.139013385072358
9.0260958184252296
12.175700296739034
8.5327342070132914
5.6051400655997377
1.8292782442996449
0.27641910943963932
0.15166725962981231
0.25396014635648573E-1
0.36528533831290044E-2
8.3079863827943381
7.7265084488753057
7.2443937887558638
6.5214752763159858
5.8882878835828798
5.0933816931861564
4.0563028706768574
3.0642923902123735
2.2771375490829744
0.32138442563903286
0.16700127375031187
0.27649808061102493E-1
7.2720155339434820
7.1545088752606869
6.7602672407342999
6.1619776214263231
5.4398159558707606
4.6719465926040753
3.7878829517941730
2.8451041667589512
1.9304216658474378
0.21036656532623749
0.17332830068896465
0.13846349763653004
0.10226076787984012
0.65358320408473294E-1
0.24943634372569357E-1
0.36830053435788520E-2
3.7924882368269976
3.6056311748416903
3.3845343503053922
3.1160879083336832
2.7817046853411891
2.3960539889189194
1.9445546540478322
1.4575230052166537
0.98136965907105533
0.10613494885760290
0.88133295223214128E-1
0.69395319079459394E-1
0.50955985947049275E-1
0.46766525674872550E-1
5.1669601893749757
5.2169031032426645
5.0296951801087806
4.7774527360314121
4.4511550128224844
3.8917148912709116
3.2320201164639855
2.4499097865800077
1.6609404147522004
0.18202260141101062
0.15041385679163718
0.11882307830887862
0.86878290409203723E-1
0.56386035993371046E-1
0.21321950685053184E-1
0.30026932759576715E-2
11.176338179263979
10.840591418291135
8.6680220918588677
5.4922798146981444
1.7456414193908800
0.27547350244299773
0.14766334402877590
0.25214389893768483E-1
5.6570103330826642
4.9549163355750903
2.1118228501327532
1.8020128311683041
1.4623638685302227
1.0823734729721859
0.72739886474990478
0.78216121917900824E-1
0.64364097612293364E-1
0.51321860359527849E-1
0.62115492688643914E-1
0.10097305133388627E-1
4.4244618029683203
3.8819758689826682
2.9970131470486692
1.9790815641489001
0.64152937109532271
0.92405548262432718E-1
0.48172188047203184E-1
0.74863621780742627E-2
3.8047180337318380
3.2027190200655382
2.6489928666914455
2.2364151274356070
2.0782078748484487
1.8255035453842108
1.4879375792536140
1.1048681732509378
0.82006899358974639
0.11896319309761250
0.52002883001653281E-1
0.77629874710303465E-2
1.6808970548019906
1.3849410403274507
1.1125180005808053
0.72988618214824363
0.27111016389185222
0.20201223377455082E-1
1.4272494858219906
1.3512976434492978
2.7079715434372034
2.1884296615699426
1.5098385612668916
0.47591698131062149
0.95847901570296185E-1
0.18444978232797594E-1
0.34552667504267165
0.35260564415535822
0.38839350160777941
0.39564224598717401
0.73209490372419039
0.48058140598106819
0.19619543115277413
0.17370155088546644E-1
0.33952213979500517
0.25801025329701660
0.12830062429107217
0.63223809741687195E-2
0.29384951285765459
0.14808856742251469E-1
0.24233653184738277
0.21893308508236828E-1
0.13771917090454006
0.38921105632863939E-1
10.139013385072358
9.0260958184252296
12.175700296739034
8.5327342070132914
5.6051400655997377
1.8292782442996449
0.27641910943963932
0.15166725962981231
0.25396014635648573E-1
0.36528533831290044E-2
8.3079863827943381
7.7265084488753057
7.2443937887558638
6.5214752763159858
5.8882878835828798
5.0933816931861564
4.0563028706768574
3.0642923902123735
2.2771375490829744
0.32138442563903286
0.16700127375031187
0.27649808061102493E-1
7.2720155339434855
7.1545088752606896
6.7602672407343016
6.1619776214263231
5.4398159558707597
4.6719465926040735
3.7878829517941703
2.8451041667589494
1.9304216658474369
0.21036656532623726
0.17332830068896457
0.13846349763652993
0.10226076787983999
0.65358320408473197E-1
0.24943634372569311E-1
0.36830053435788520E-2
3.7924882368269976
3.6056311748416903
3.3845343503053922
3.1160879083336832
2.7817046853411891
2.3960539889189194
1.9445546540478322
1.4575230052166537
0.98136965907105533
0.10613494885760290
0.88133295223214128E-1
0.69395319079459394E-1
0.50955985947049275E-1
0.46766525674872564E-1
5.1669601893749748
5.2169031032426636
5.0296951801087806
4.7774527360314121
4.4511550128224853
3.8917148912709121
3.2320201164639855
2.4499097865800077
1.6609404147522004
0.18202260141101062
0.15041385679163718
0.11882307830887862
0.86878290409203723E-1
0.56386035993371046E-1
0.21321950685053184E-1
0.30026932759576715E-2
11.176338179263979
10.840591418291135
8.6680220918588677
5.4922798146981444
1.7456414193908800
0.27547350244299773
0.14766334402877590
0.25214389893768483E-1
5.6570103330826766
4.9549163355750823
2.1118228501327541
1.8020128311683010
1.4623638685302236
1.0823734729721792
0.72739886474990756
0.78216121917900672E-1
0.64364097612292864E-1
0.51321860359528758E-1
0.62115492688644323E-1
0.10097305133388228E-1
4.4244618029683203
3.8819758689826682
2.9970131470486692
1.9790815641489001
0.64152937109532271
0.92405548262432718E-1
0.48172188047203184E-1
0.74863621780742627E-2
3.8047180337318380
3.2027190200655382
2.6489928666914455
2.2364151274356070
2.0782078748484487
1.8255035453842108
1.4879375792536140
1.1048681732509378
0.82006899358974639
0.11896319309761250
0.52002883001653281E-1
0.77629874710303465E-2
1.6808970548019906
1.3849410403274507
1.1125180005808053
0.72988618214824363
0.27111016389185222
0.20201223377455082E-1
1.4272494858219906
1.3512976434492978
2.7079715434372034
2.1884296615699426
1.5098385612668916
0.47591698131062149
0.95847901570296185E-1
0.18444978232797594E-1
0.34552667504267154
0.35260564415535828
0.38839350160777963
0.39564224598717418
0.73209490372419017
0.48058140598106819
0.19619543115277402
0.17370155088546644E-1
0.33952213979500517
0.25801025329701660
0.12830062429107217
0.63223809741687195E-2
0.29384951285765459
0.14808856742251469E-1
0.24233653184738277
0.21893308508236828E-1
0.13771917090454006
0.38921105632863939E-1
10.157313817401139
9.0423874879836692
12.197676851150536
8.5481353825522071
5.6152570742837264
1.8325800036966300
0.27691803265973591
0.15194101175104271
0.25441853222659881E-1
0.36594466080914385E-2
8.3288339081412825
7.7458968509873856
7.2625724034256116
6.5378398458829299
5.9030635735331334
5.1061626967961598
4.0664814955583868
3.0719817279570405
2.2828516512234520
0.32219088699451826
0.16742033597875894
0.27719190706647717E-1
7.2569576070315218
7.1532449917488936
6.7553144810749552
6.1712292226306644
5.4704011476337060
4.7053609428019163
3.8264361596090688
2.8727076815718333
1.9497081665252753
0.21298099467922782
0.17529457687207414
0.14001927986948642
0.10389146065636039
0.66665657649022270E-1
0.25471711458491798E-1
0.36945968910904133E-2
3.8084671108308341
3.6200390897220540
3.3974413902802136
3.1270931499400407
2.7910516230981353
2.4039980793705258
1.9507526664863064
1.4620279891352763
0.98431572315591420
0.10643264510605631
0.88390547129900368E-1
0.69607400646909692E-1
0.51096744337215547E-1
0.46905266840533359E-1
5.1889465965040866
5.2450560641566577
5.0491228639692372
4.8019429509477556
4.4651373233961946
3.9041035335335681
3.2422449140808678
2.4589366258860057
1.6677863239073027
0.18277780630673440
0.15102839069495930
0.11930723836808034
0.87233242114172507E-1
0.56616407925392367E-1
0.21409064079127498E-1
0.30149611404929819E-2
11.229790428114077
10.892437915853979
8.7094780022349365
5.5185473365555540
1.7539901699436722
0.27679098925916357
0.14836956262063172
0.25334980897869064E-1
5.6881345172616342
4.9815736500167613
2.1230239696578068
1.8115160891022517
1.4703779108913739
1.0880125026859866
0.73129001989148157
0.78929469663659088E-1
0.65272512082220513E-1
0.52064180212561165E-1
0.62408639220667791E-1
0.10144764836804892E-1
4.4509620189026986
3.9052268774355090
3.0149636908869453
1.9909352293260993
0.64537179704888525
0.92959009246285321E-1
0.48460714300142226E-1
0.75312015784616340E-2
3.8304502389977091
3.2243797640425105
2.6669086301170655
2.2515405303192542
2.0922632847754485
1.8378498563399603
1.4980008519778223
1.1123406572494261
0.82561531357670481
0.11976776922565442
0.52354590762373490E-1
0.78154903859138977E-2
1.6936807423568343
1.3954739004397625
1.1209790080398490
0.73543716867447084
0.27317203176069926
0.20354859275111770E-1
1.4394628082580527
1.3628610274199933
2.7311443173188708
2.2071565886775759
1.5227586185927715
0.47998951915581561
0.96668095473553248E-1
0.18602816416465648E-1
0.35032936437450707
0.35591518787652138
0.39012846597990758
0.39827334492166222
0.74078108028605949
0.48576333170189395
0.19930958412885638
0.17547246144733852E-1
0.34341827495271937
0.26097178500338541
0.12977333484663423
0.63949093662913200E-2
0.29746524995965412
0.14991075634637700E-1
0.24553352384433122
0.22182133026579100E-1
0.13980430059602134
0.39510390104125825E-1
10.158038088163059
9.0430322585394709
12.198546610701676
8.5487449102913118
5.6156574721244024
1.8327106764452930
0.27693777839547951
0.15195184595724387
0.25443667362771080E-1
0.36597075461928586E-2
8.3296589844452651
7.7466641800055100
7.2632918530463053
6.5384875015806641
5.9036483466153147
5.1066685267709051
4.0668843319649683
3.0722860465877115
2.2830777965426776
0.32222280407548670
0.16743692107981203
0.27721936642954040E-1
7.2569128753654422
7.1535404311019253
6.7554994889023137
6.1717426988962893
5.4714160175118032
4.7064115770967279
3.8275751043818582
2.8735292312152856
1.9502795546800928
0.21305610445453868
0.17535175692257704
0.14006458297221280
0.10393698511496972
0.66701394833455815E-1
0.25486080295790726E-1
0.36950556463152730E-2
3.8090657443480684
3.6205890174654987
3.3979424620635732
3.1275329540394035
2.7914325308036241
2.4043235556085460
1.9510107044450695
1.4622179505158954
0.98444148903474349
0.10644573383141867
0.88401662184296320E-1
0.69616386001883315E-1
0.51102975180101450E-1
0.46911219644124862E-1
5.1898012953009092
5.2461360854063592
5.0498914321666941
4.8028943620271392
4.4657291501909313
3.9046050128832945
3.2426747969721061
2.4592874409863330
1.6680568083588980
0.18280743121789600
0.15105271192029360
0.11932638768652140
0.87247289932124744E-1
0.56625525286760230E-1
0.21412511739989603E-1
0.30154466621153384E-2
11.231905891853151
10.894489829252418
8.7111186904577416
5.5195869184478052
1.7543205859587314
0.27684313104264813
0.14839751242358798
0.25339753492136307E-1
5.6893567892486807
4.9826369201499263
2.1234686378452658
1.8118966825647498
1.4706943168947462
1.0882417572099987
0.73144286038711204
0.78955831824926423E-1
0.65304947662212343E-1
0.52089806765994708E-1
0.62420294133339292E-1
0.10146947856879793E-1
4.4520108100591562
3.9061470756748160
3.0156741142162424
1.9914043583037744
0.64552386759689218
0.92980913406868260E-1
0.48472133217755495E-1
0.75329761740612934E-2
3.8314686348245899
3.2252370248581061
2.6676176769523265
2.2521391438860840
2.0928195515495887
1.8383384826129439
1.4983991231264167
1.1126363935239456
0.82583481863159236
0.11979961169553760
0.52368510195709976E-1
0.78175682781452122E-2
1.6941866785532653
1.3958907563086111
1.1213138668130658
0.73565685841559381
0.27325363369149058
0.20360939677293244E-1
1.4399461712839856
1.3633186680247802
2.7320614192918464
2.2078977386963818
1.5232699518550314
0.48015069677364935
0.96700556043476424E-1
0.18609063131269494E-1
0.35050054160487154
0.35605034986150391
0.39022990385749512
0.39839812531638991
0.74110677475936571
0.48596421764245812
0.19941639423872135
0.17554253564916449E-1
0.34357247915526856
0.26108898728316760
0.12983161673612340
0.63977802932978813E-2
0.29760834891047194
0.14998287257491924E-1
0.24566005024479418
0.22193563748553434E-1
0.13988682320073914
0.39533711992586401E-1
10.166941162839032
9.0509580795293356
12.209238101565447
8.5562375101084829
5.6205793494982697
1.8343169669386179
0.27718050220693347
0.15208502508297347
0.25465967620812574E-1
0.36629151192786443E-2
8.3398012079533537
7.7560965468890073
7.2721356640013077
6.5464487880834721
5.9108366506210768
5.1128864252079174
4.0718361853305574
3.0760268734118896
2.2858576804901634
0.32261514375042888
0.16764079289260397
0.27755690975278437E-1
7.2578893081145619
7.1581286818609344
6.7588287344042781
6.1784625390080388
5.4833496836760309
4.7185738676190079
3.8405043256348059
2.8828779679124730
1.9567719349986241
0.21390085855881788
0.17599749267182996
0.14057641955343228
0.10444394639777822
0.67096381206599484E-1
0.25644625324706974E-1
0.37006948799274335E-2
3.8163327698754927
3.6272938956011003
3.4040754078152942
3.1329507789525151
2.7961446570899731
2.4083545329628735
1.9542172216836158
1.4645847277369008
0.98601236105478329
0.10661017497758073
0.88540829242092431E-1
0.69728445196349659E-1
0.51181359864142989E-1
0.46985648382647065E-1
5.2002942302674171
5.2592466725043758
5.0593703497777662
4.8144642790094698
4.4730936421738923
3.9108589118504797
3.2480239916900042
2.4636315897028811
1.6713803874355999
0.18317146024971298
0.15135167978804123
0.11956182479799422
0.87419972275302599E-1
0.56737600153473011E-1
0.21454891998487734E-1
0.30214149207941697E-2
11.257910160744807
10.919712907658262
8.7312867968285470
5.5323659448908851
1.7583822140277956
0.27748408221244586
0.14874108446319301
0.25398420451226103E-1
5.7043820568350796
4.9957097791319560
2.1289384108665872
1.8165779196151619
1.4745837273529134
1.0910613424981754
0.73332302290370921
0.79277035861729489E-1
0.65698068146710975E-1
0.52400433912856280E-1
0.62564101471289338E-1
0.10173782559822247E-1
4.4649030410815991
3.9174585824648389
3.0244069697791787
1.9971711109334720
0.64739318983949690
0.93250169585135087E-1
0.48612499889413609E-1
0.75547903324867686E-2
3.8439872322513433
3.2357748754235733
2.6763336120072885
2.2594975815971714
2.0996574426951824
1.8443449051081637
1.5032948582073533
1.1162717220155538
0.82853307734666548
0.12019103421615192
0.52539614375193604E-1
0.78431107005053347E-2
1.7004058827168795
1.4010149434560384
1.1254301073416226
0.73835738738018031
0.27425672275947216
0.20435682822437233E-1
1.4458878954868069
1.3689442002061241
2.7433348653291563
2.2170083010861337
1.5295554992739999
0.48213196737453407
0.97099576538636642E-1
0.18685850668889951E-1
0.35255353461885053
0.35772315190102483
0.39156561744802798
0.39998793049206705
0.74506139191163356
0.48842222922808770
0.20068482011632566
0.17640388635383242E-1
0.34546805088869359
0.26252967798555976
0.13054803650436081
0.64330723964680292E-2
0.29936738808776869
0.15086935895794126E-1
0.24721537188834691
0.22334075524934233E-1
0.14090122962287971
0.39820395544465960E-1
10.168574910357572
9.0524124973395708
12.211200030146740
8.5576124302124050
5.6214825324141469
1.8346117272549169
0.27722504293461303
0.15210946395090405
0.25470059801611242E-1
0.36635037209426947E-2
8.3416623439195092
7.7578274215082503
7.2737585364052828
6.5479097139480453
5.9121557313049236
5.1140274328386193
4.0727448689530847
3.0767133291323816
2.2863677995969129
0.32268713954892431
0.16767820413314402
0.27761885021569406E-1
7.2583177566706230
7.1591268672427759
6.7596119695129877
6.1797622798400473
5.4854511056080275
4.7206827817560262
3.8427019379882741
2.8844709864417775
1.9578765262421698
0.21404304878059083
0.17610665435103801
0.14066298601087729
0.10452837761579424
0.67161625827877311E-1
0.25670765604221057E-1
0.37017297003973989E-2
3.8176514060692930
3.6285153160857346
3.4051965273071403
3.1339468460263631
2.7970141960454713
2.4090991176223184
1.9548112495653982
1.4650241872927861
0.98630466691990071
0.10664092700049251
0.88566778840635449E-1
0.69749269544602616E-1
0.51196034906744729E-1
0.46999510068350181E-1
5.2022174718029150
5.2616247483173426
5.0611150196528838
4.8165663899779227
4.4744600626484843
3.9120215343508149
3.2490164701998236
2.4644340853146249
1.6719900515035149
0.18323823842629941
0.15140654151051713
0.11960503589327906
0.87451660131456790E-1
0.56758166310901380E-1
0.21462668934509977E-1
0.30225101185950877E-2
11.262682041394962
10.924341436931041
8.7349877198170827
5.5347109440625841
1.7591275379771689
0.27760169915055694
0.14880413121811456
0.25409186057752112E-1
5.7071393329197022
4.9981091139622800
2.1299427174874883
1.8174373853966941
1.4752974487262458
1.0915789800708968
0.73366825623097720
0.79335529245757069E-1
0.65769327193429664E-1
0.52456744950845340E-1
0.62590575578725896E-1
0.10178706828228230E-1
4.4672688137172258
3.9195342862887115
3.0260094814535119
1.9982293316203348
0.64773621746605914
0.93299579101409499E-1
0.48638257698917997E-1
0.75587933121868964E-2
3.8462844417240150
3.2377086104352020
2.6779330187050920
2.2608478824525897
2.1009122213079361
1.8454471061121998
1.5041932439146519
1.1169388183972417
0.82902821791782400
0.12026286171339620
0.52571012632404393E-1
0.78477978305887160E-2
1.7015471299532994
1.4019552509724105
1.1261854528816742
0.73885294455061967
0.27444079335702781
0.20449398469261623E-1
1.4469782241120852
1.3699765064122640
2.7454035848624816
2.2186801233765747
1.5307089207460352
0.48249553794375394
0.97172798292641874E-1
0.18699941469383929E-1
0.35292195378426366
0.35803195657775388
0.39182514266244811
0.40028874946217491
0.74577912764560206
0.48887143708070246
0.20091035021695686
0.17656194188950862E-1
0.34581589889900538
0.26279404777090515
0.13067950084204685
0.64395488445685746E-2
0.29969017835916528
0.15103203252647699E-1
0.24750077922998609
0.22359859961698217E-1
0.14108737699727331
0.39873003049011917E-1
10.144502344026868
9.0309822770563777
12.182291857143680
8.5373535744066711
5.6081745209836953
1.8302685608933802
0.27656875448776508
0.15174936775327894
0.25409763279293573E-1
0.36548309288255473E-2
8.3142393067076465
7.7323237291634870
7.2498462102057770
6.5263836002860121
5.8927196453142132
5.0972151766226341
4.0593558069782700
3.0665986996213306
2.2788514141735621
0.32162631245346063
0.16712696560993612
0.27670618416110022E-1
7.2631022420455258
7.1513741445636825
6.7557424136911282
6.1635773077463663
5.4505497389642894
4.6841368054349104
3.8025323665883382
2.8555444089769129
1.9377371843785411
0.21137695329800857
0.17408268737036178
0.13905991157028280
0.10290153325950269
0.65878089217225017E-1
0.25154117591453605E-1
0.36864820662795596E-2
3.7975522288513353
3.6101157236933346
3.3884839796995547
3.1193545906860125
2.7844198546585606
2.3983476815797480
1.9463112454576574
1.4587804141218503
0.98217957608068207
0.10621373358843827
0.88202947643418600E-1
0.69454172418595583E-1
0.50992898494020389E-1
0.46804426397539609E-1
5.1737832263606434
5.2253994757030497
5.0356323154268789
4.7846956687508895
4.4549671745787949
3.8955315216934592
3.2348572554197426
2.4528371168848109
1.6629973029927620
0.18225332964935703
0.15059817764870162
0.11896865937201738
0.86984753213164026E-1
0.56455132835260831E-1
0.21348079130320025E-1
0.30063728504990841E-2
11.192370434387433
10.856142050754068
8.6804562128887994
5.5001583908280267
1.7481455104572787
0.27586866420350276
0.14787516442700296
0.25250559480360729E-1
5.6665183418430738
4.9627873730797543
2.1151886866441729
1.8048068375027060
1.4647810715589031
1.0839694112263787
0.72859773272479100
0.78439778383624967E-1
0.64652923601884793E-1
0.51574923582165498E-1
0.62206901680634509E-1
0.10106149853244052E-1
4.4324101724350200
3.8889496840683333
3.0023971618396477
1.9826369053806940
0.64268185306765746
0.92571551150709447E-1
0.48258727465028343E-1
0.74998111296536258E-2
3.8124360491303757
3.2092158575433505
2.6543664495836543
2.2409517806745702
2.0824235986516948
1.8292066488332570
1.4909559172873208
1.1071094404089514
0.82173253476790331
0.11920451446441194
0.52108372829865718E-1
0.77787349866961274E-2
1.6847313432502191
1.3881002245364034
1.1150557615376031
0.73155112298964597
0.27172859234744279
0.20247304318114109E-1
1.4309127012228817
1.3547659188894676
2.7149218931564616
2.1940465416737127
1.5137137519223691
0.47713848212936494
0.96093907270535212E-1
0.18492319590424758E-1
0.34711921004404950
0.35356465678760896
0.38865020492517810
0.39626527006109824
0.73484562621717964
0.48216942315647376
0.19726172515795712
0.17423281211950897E-1
0.34069066641789331
0.25889856671790018
0.12874236854200055
0.63441308815782816E-2
0.29493400267661729
0.14863510752772932E-1
0.24329542492345257
0.21979937386601853E-1
0.13834457562190999
0.39097854071151877E-1
10.133420075254250
9.0211164630932075
12.168983423861404
8.5280270206034494
5.6020479220380217
1.8282691007493503
0.27626661948228132
0.15158359054484769
0.25382004615875687E-1
0.36508382422157817E-2
8.3016145842427278
7.7205826140129004
7.2388377110586148
6.5164736399620731
5.8837718694153827
5.0894753312110508
4.0531918948560746
3.0619422354439325
2.2753911016204320
0.32113794030270182
0.16687319235667805
0.27628602079431547E-1
7.3155187342636339
7.1792754687063569
6.7886710323858130
6.1695474613149521
5.4166644016185659
4.6425523317779360
3.7487972682407715
2.8175486621882397
1.9109833593983032
0.20756598076988722
0.17127078791871025
0.13683978658673787
0.10042055302775753
0.63829366647884869E-1
0.24321338605694139E-1
0.36794625247350845E-2
3.7851491624444451
3.5997517962133712
3.3798805813981949
3.1130336187442569
2.7796470120073535
2.3944315236175777
1.9435870117176477
1.4569948395528058
0.98113622629927799
0.10613901662408808
0.88122593344357639E-1
0.69373547544763686E-1
0.50960975692403411E-1
0.46757715809387965E-1
5.1593662118570016
5.2056579821209361
5.0239038714354489
4.7683876290533345
4.4493486657926358
3.8889758659469083
3.2305453071071644
2.4469810330459265
1.6588174251522940
0.18177736201382508
0.15022603180186314
0.11867470139770614
0.86769803635739134E-1
0.56315625548085252E-1
0.21295325510652333E-1
0.29989437488470647E-2
11.160001134164608
10.824745152003930
8.6553515851539267
5.4842514585772131
1.7430897229283633
0.27507082824319207
0.14744749670273510
0.25177532685419876E-1
5.6450034194182859
4.9482953915336116
2.1079804752077771
1.7996561754027189
1.4597232024294222
1.0818691180634699
0.72563667858370373
0.78115457973740463E-1
0.64354253382396712E-1
0.51055940412171291E-1
0.61928343259842936E-1
0.10159150834556541E-1
4.4163623266660741
3.8748694743618310
2.9915267764926492
1.9754586321533565
0.64035497923258922
0.92236389485235132E-1
0.48084003424329079E-1
0.74726575478273327E-2
3.7968532907700618
3.1960986708968773
2.6435171263555253
2.2317922276629640
2.0739120057165148
1.8217300420567708
1.4848618594498737
1.1025842972548123
0.81837382674996362
0.11871728395866189
0.51895387701225419E-1
0.77469405785842178E-2
1.6769898725110177
1.3817217967150293
1.1099319941279768
0.72818958903615005
0.27047997846304506
0.20154266389809175E-1
1.4235166288563144
1.3477634324573446
2.7008890602839859
2.1827059986874304
1.5058896991748338
0.47467225848085931
0.95597219043816906E-1
0.18396736866335733E-1
0.34267944688231339
0.35189930943107051
0.39025542459516549
0.39634536412179111
0.72812070525301587
0.47869122448031659
0.19404381192540135
0.17315937354019695E-1
0.33833192301777326
0.25710470021881865
0.12785027674775085
0.63002497928955651E-2
0.29274440575040256
0.14753163701698203E-1
0.24135940920876456
0.21805032724084222E-1
0.13708187927041604
0.38740994343429834E-1
10.133992528145788
9.0216260801983790
12.169670868938818
8.5285087823078722
5.6023643905656959
1.8283723825560323
0.27628222621959059
0.15159215374109070
0.25383438485371626E-1
0.36510444838294500E-2
8.3022667123428704
7.7211890995129160
7.2394063533914821
6.5169855374407302
5.8842340654053231
5.0898751317371742
4.0535102907901512
3.0621827643859212
2.2755698435339626
0.32116316709114973
0.16688630097510301
0.27630772426850206E-1
7.2959701144130529
7.1672794681420049
6.7753288280808608
6.1647377784114594
5.4243906013844523
4.6530044855602508
3.7633927277075698
2.8277882778449794
1.9182286495996967
0.20862933536159117
0.17204660557106422
0.13745154952456351
0.10112960763062390
0.64424126923232877E-1
0.24563887242305564E-1
0.36798251180755704E-2
3.7868618631274544
3.6009314820938760
3.3806344963358450
3.1132250696651771
2.7795446528503245
2.3942820988379556
1.9433231205923844
1.4567165079813751
0.98089890174491046
0.10610137394591258
0.88097087566382765E-1
0.69358916650539240E-1
0.50941662546080534E-1
0.46745460785442047E-1
5.1604183448734426
5.2079478286993037
5.0243787659522559
4.7700616173497661
4.4486302303166259
3.8887456289168898
3.2300796421394913
2.4472493598534912
1.6590464869243193
0.18180678145346146
0.15024525493843099
0.11868988718118692
0.86780906823151122E-1
0.56322831775580125E-1
0.21298050490774871E-1
0.29993274979520095E-2
11.161673165396653
10.826366953987236
8.6566483608442439
5.4850731287197956
1.7433508788567504
0.27511204033719794
0.14746958781335506
0.25181304873297793E-1
5.6467011946167824
4.9486686348663955
2.1084313130417853
1.7997772614889160
1.4600296610383321
1.0816813430166481
0.72591739568263869
0.78120248710885715E-1
0.64337326934825814E-1
0.51116227145167802E-1
0.61962798711936065E-1
0.10138371992554714E-1
4.4171912756747949
3.8755967854319171
2.9920882845783789
1.9758294247545443
0.64047517354320072
0.92253702209594293E-1
0.48093028767818964E-1
0.74740601619265835E-2
3.7976582157601135
3.1967762371586885
2.6440775464807396
2.2322653629671421
2.0743516707424523
1.8221162450316244
1.4851766470716001
1.1028180428295113
0.81854732029683208
0.11874245177561223
0.51906389415337116E-1
0.77485829138525582E-2
1.6773897569931902
1.3820512734246047
1.1101966615466621
0.72836322855628566
0.27054447542149351
0.20159072249707893E-1
1.4238986718385918
1.3481251448186216
2.7016139241109864
2.1832917926938151
1.5062938494179650
0.47479965088468401
0.95622875397891438E-1
0.18401674177269876E-1
0.34351159732752018
0.35185195619848642
0.38912704517728669
0.39568249842419589
0.72904468581875259
0.47900479098041970
0.19473438874042173
0.17321522372193688E-1
0.33845350475649993
0.25719753565302222
0.12789645884306838
0.63025005769318156E-2
0.29285750904336888
0.14758863661675423E-1
0.24145941380319208
0.21814067397566392E-1
0.13714710233274266
0.38759429199460037E-1
10.133420075254250
9.0211164630932075
12.168983423861404
8.5280270206034494
5.6020479220380217
1.8282691007493503
0.27626661948228132
0.15158359054484769
0.25382004615875687E-1
0.36508382422157817E-2
8.3016145842427278
7.7205826140129004
7.2388377110586148
6.5164736399620731
5.8837718694153827
5.0894753312110508
4.0531918948560746
3.0619422354439325
2.2753911016204320
0.32113794030270182
0.16687319235667805
0.27628602079431547E-1
7.3372768747731314
7.1921572906252687
6.8024240354948295
6.1781121897951703
5.4094150056385386
4.6300387851884199
3.7348693421915327
2.8063299015336787
1.9035283837079835
0.20644479140663191
0.17042423267777096
0.13594477188196669
0.99772626041341170E-1
0.63120590713520650E-1
0.24006928742698830E-1
0.36364307344477500E-2
3.7826600909999528
3.5982557401483088
3.3791619518472915
3.1133472025482871
2.7804571035010994
2.3952481481072403
1.9445264565305560
1.4578552351151146
0.98181239137671894
0.10623537831386830
0.88191451121326009E-1
0.69417187957491286E-1
0.51009646511987319E-1
0.46791772317104866E-1
5.1587926132883952
5.2032816451938535
5.0241496993934227
4.7668307186528338
4.4512333468037699
3.8900411204314622
3.2318318067538945
2.4470465871680527
1.6587928423564968
0.18176834832203270
0.15022603180186314
0.11867470139770614
0.86769803635739134E-1
0.56315625548085252E-1
0.21295325510652333E-1
0.29989437488470647E-2
11.160001134164608
10.824745152003930
8.6553515851539267
5.4842514585772131
1.7430897229283633
0.27507082824319207
0.14744749670273510
0.25177532685419876E-1
5.6439066957634036
4.9490072998709902
2.1078457898466514
1.7999370905844954
1.4596385430595715
1.0824290243504358
0.72540194124002733
0.78128349286876786E-1
0.64396198252004475E-1
0.50978592533353316E-1
0.61892555435315202E-1
0.10192945315739598E-1
4.4163623266660741
3.8748694743618310
2.9915267764926492
1.9754586321533565
0.64035497923258922
0.92236389485235132E-1
0.48084003424329079E-1
0.74726575478273327E-2
3.7968532907700618
3.1960986708968773
2.6435171263555253
2.2317922276629640
2.0739120057165148
1.8217300420567708
1.4848618594498737
1.1025842972548123
0.81837382674996362
0.11871728395866189
0.51895387701225419E-1
0.77469405785842178E-2
1.6769898725110177
1.3817217967150293
1.1099319941279768
0.72818958903615005
0.27047997846304506
0.20154266389809175E-1
1.4235166288563144
1.3477634324573446
2.7008890602839859
2.1827059986874304
1.5058896991748338
0.47467225848085931
0.95597219043816906E-1
0.18396736866335733E-1
0.34128355500533147
0.35220815893815155
0.39267631920307122
0.39787073002794232
0.72678550432720712
0.47838116115421214
0.19282960178247574
0.17315844294561230E-1
0.33833252699048527
0.25710429521449846
0.12785004049163951
0.63002868702696857E-2
0.29274440575040256
0.14753163701698203E-1
0.24135940920876456
0.21805032724084222E-1
0.13708188236088495
0.38740991258095069E-1
10.133992528145791
9.0216260801983825
12.169670868938821
8.5285087823078740
5.6023643905656977
1.8283723825560327
0.27628222621959070
0.15159215374109075
0.25383438485371633E-1
0.36510444838294513E-2
8.3022667123428739
7.7211890995129204
7.2394063533914865
6.5169855374407337
5.8842340654053267
5.0898751317371769
4.0535102907901530
3.0621827643859230
2.2755698435339640
0.32116316709114989
0.16688630097510310
0.27630772426850223E-1
7.2959701144130529
7.1672794681420067
6.7753288280808626
6.1647377784114621
5.4243906013844576
4.6530044855602561
3.7633927277075756
2.8277882778449834
1.9182286495996996
0.20862933536159153
0.17204660557106449
0.13745154952456373
0.10112960763062412
0.64424126923233044E-1
0.24563887242305633E-1
0.36798251180755726E-2
3.7868618631274584
3.6009314820938796
3.3806344963358481
3.1132250696651798
2.7795446528503267
2.3942820988379578
1.9433231205923862
1.4567165079813764
0.98089890174491123
0.10610137394591267
0.88097087566382834E-1
0.69358916650539282E-1
0.50941662546080582E-1
0.46745460785442089E-1
5.1604183448734462
5.2079478286993073
5.0243787659522594
4.7700616173497696
4.4486302303166294
3.8887456289168929
3.2300796421394939
2.4472493598534930
1.6590464869243207
0.18180678145346160
0.15024525493843113
0.11868988718118700
0.86780906823151191E-1
0.56322831775580159E-1
0.21298050490774888E-1
0.29993274979520116E-2
11.161673165396662
10.826366953987241
8.6566483608442510
5.4850731287197991
1.7433508788567516
0.27511204033719816
0.14746958781335517
0.25181304873297811E-1
5.6467011946167887
4.9486686348664009
2.1084313130417875
1.7997772614889178
1.4600296610383339
1.0816813430166492
0.72591739568263958
0.78120248710885812E-1
0.64337326934825884E-1
0.51116227145167878E-1
0.61962798711936148E-1
0.10138371992554717E-1
4.4171912756748011
3.8755967854319220
2.9920882845783829
1.9758294247545467
0.64047517354320149
0.92253702209594404E-1
0.48093028767819020E-1
0.74740601619265930E-2
3.7976582157601189
3.1967762371586934
2.6440775464807436
2.2322653629671456
2.0743516707424554
1.8221162450316271
1.4851766470716024
1.1028180428295129
0.81854732029683330
0.11874245177561241
0.51906389415337192E-1
0.77485829138525704E-2
1.6773897569931930
1.3820512734246071
1.1101966615466639
0.72836322855628688
0.27054447542149401
0.20159072249707928E-1
1.4238986718385942
1.3481251448186236
2.7016139241109904
2.1832917926938187
1.5062938494179674
0.47479965088468479
0.95622875397891605E-1
0.18401674177269907E-1
0.34351159732752107
0.35185195619848714
0.38912704517728730
0.39568249842419662
0.72904468581875415
0.47900479098042076
0.19473438874042226
0.17321522372193726E-1
0.33845350475650071
0.25719753565302284
0.12789645884306869
0.63025005769318295E-2
0.29285750904336960
0.14758863661675461E-1
0.24145941380319275
0.21814067397566451E-1
0.13714710233274313
0.38759429199460162E-1
10.158038088163060
9.0430322585394727
12.198546610701680
8.5487449102913136
5.6156574721244041
1.8327106764452936
0.27693777839547962
0.15195184595724393
0.25443667362771087E-1
0.36597075461928599E-2
8.3296589844452704
7.7466641800055145
7.2632918530463098
6.5384875015806676
5.9036483466153182
5.1066685267709078
4.0668843319649710
3.0722860465877129
2.2830777965426789
0.32222280407548692
0.16743692107981212
0.27721936642954054E-1
7.2569128753654422
7.1535404311019262
6.7554994889023137
6.1717426988962920
5.4714160175118085
4.7064115770967323
3.8275751043818635
2.8735292312152896
1.9502795546800955
0.21305610445453904
0.17535175692257732
0.14006458297221300
0.10393698511496995
0.66701394833455996E-1
0.25486080295790803E-1
0.36950556463152752E-2
3.8090657443480711
3.6205890174655004
3.3979424620635750
3.1275329540394048
2.7914325308036254
2.4043235556085474
1.9510107044450704
1.4622179505158961
0.98444148903474393
0.10644573383141873
0.88401662184296362E-1
0.69616386001883343E-1
0.51102975180101484E-1
0.46911219644124889E-1
5.1898012953009145
5.2461360854063663
5.0498914321666977
4.8028943620271436
4.4657291501909357
3.9046050128832981
3.2426747969721088
2.4592874409863348
1.6680568083588996
0.18280743121789617
0.15105271192029374
0.11932638768652151
0.87247289932124827E-1
0.56625525286760285E-1
0.21412511739989624E-1
0.30154466621153410E-2
11.231905891853161
10.894489829252427
8.7111186904577487
5.5195869184478097
1.7543205859587330
0.27684313104264840
0.14839751242358812
0.25339753492136331E-1
5.6893567892486878
4.9826369201499316
2.1234686378452681
1.8118966825647520
1.4706943168947479
1.0882417572099998
0.73144286038711270
0.78955831824926576E-1
0.65304947662212537E-1
0.52089806765994853E-1
0.62420294133339362E-1
0.10146947856879805E-1
4.4520108100591615
3.9061470756748213
3.0156741142162464
1.9914043583037770
0.64552386759689306
0.92980913406868385E-1
0.48472133217755564E-1
0.75329761740613038E-2
3.8314686348245948
3.2252370248581101
2.6676176769523297
2.2521391438860872
2.0928195515495913
1.8383384826129463
1.4983991231264187
1.1126363935239469
0.82583481863159347
0.11979961169553775
0.52368510195710045E-1
0.78175682781452208E-2
1.6941866785532682
1.3958907563086136
1.1213138668130678
0.73565685841559503
0.27325363369149108
0.20360939677293279E-1
1.4399461712839883
1.3633186680247826
2.7320614192918513
2.2078977386963858
1.5232699518550341
0.48015069677365019
0.96700556043476590E-1
0.18609063131269529E-1
0.35050054160487243
0.35605034986150463
0.39022990385749573
0.39839812531639057
0.74110677475936748
0.48596421764245917
0.19941639423872190
0.17554253564916484E-1
0.34357247915526934
0.26108898728316821
0.12983161673612367
0.63977802932978951E-2
0.29760834891047272
0.14998287257491964E-1
0.24566005024479490
0.22193563748553496E-1
0.13988682320073959
0.39533711992586519E-1
10.144502344026868
9.0309822770563777
12.182291857143680
8.5373535744066711
5.6081745209836953
1.8302685608933802
0.27656875448776508
0.15174936775327894
0.25409763279293573E-1
0.36548309288255473E-2
8.3142393067076465
7.7323237291634870
7.2498462102057770
6.5263836002860121
5.8927196453142132
5.0972151766226341
4.0593558069782700
3.0665986996213306
2.2788514141735621
0.32162631245346063
0.16712696560993612
0.27670618416110022E-1
7.2631022420455302
7.1513741445636851
6.7557424136911317
6.1635773077463671
5.4505497389642876
4.6841368054349086
3.8025323665883346
2.8555444089769106
1.9377371843785394
0.21137695329800835
0.17408268737036159
0.13905991157028266
0.10290153325950252
0.65878089217224878E-1
0.25154117591453553E-1
0.36864820662795596E-2
3.7975522288513353
3.6101157236933346
3.3884839796995547
3.1193545906860125
2.7844198546585606
2.3983476815797480
1.9463112454576574
1.4587804141218506
0.98217957608068218
0.10621373358843827
0.88202947643418614E-1
0.69454172418595583E-1
0.50992898494020389E-1
0.46804426397539609E-1
5.1737832263606434
5.2253994757030489
5.0356323154268789
4.7846956687508886
4.4549671745787949
3.8955315216934592
3.2348572554197430
2.4528371168848113
1.6629973029927620
0.18225332964935703
0.15059817764870162
0.11896865937201738
0.86984753213164026E-1
0.56455132835260831E-1
0.21348079130320025E-1
0.30063728504990841E-2
11.192370434387433
10.856142050754068
8.6804562128887994
5.5001583908280267
1.7481455104572787
0.27586866420350276
0.14787516442700296
0.25250559480360729E-1
5.6665183418430738
4.9627873730797543
2.1151886866441729
1.8048068375027060
1.4647810715589031
1.0839694112263787
0.72859773272479100
0.78439778383624925E-1
0.64652923601884710E-1
0.51574923582165436E-1
0.62206901680634516E-1
0.10106149853244052E-1
4.4324101724350200
3.8889496840683333
3.0023971618396477
1.9826369053806940
0.64268185306765746
0.92571551150709447E-1
0.48258727465028343E-1
0.74998111296536258E-2
3.8124360491303757
3.2092158575433505
2.6543664495836543
2.2409517806745702
2.0824235986516948
1.8292066488332570
1.4909559172873208
1.1071094404089514
0.82173253476790331
0.11920451446441194
0.52108372829865718E-1
0.77787349866961274E-2
1.6847313432502191
1.3881002245364034
1.1150557615376031
0.73155112298964597
0.27172859234744279
0.20247304318114109E-1
1.4309127012228817
1.3547659188894676
2.7149218931564616
2.1940465416737127
1.5137137519223691
0.47713848212936494
0.96093907270535212E-1
0.18492319590424758E-1
0.34711921004404933
0.35356465678760901
0.38865020492517838
0.39626527006109841
0.73484562621717953
0.48216942315647376
0.19726172515795695
0.17423281211950897E-1
0.34069066641789331
0.25889856671790018
0.12874236854200055
0.63441308815782816E-2
0.29493400267661729
0.14863510752772932E-1
0.24329542492345257
0.21979937386601853E-1
0.13834457562190999
0.39097854071151877E-1
10.168574910357576
9.0524124973395725
12.211200030146745
8.5576124302124068
5.6214825324141477
1.8346117272549174
0.27722504293461314
0.15210946395090411
0.25470059801611249E-1
0.36635037209426960E-2
8.3416623439195128
7.7578274215082539
7.2737585364052855
6.5479097139480480
5.9121557313049262
5.1140274328386219
4.0727448689530865
3.0767133291323829
2.2863677995969138
0.32268713954892447
0.16767820413314410
0.27761885021569420E-1
7.2583177566706247
7.1591268672427786
6.7596119695129904
6.1797622798400500
5.4854511056080337
4.7206827817560315
3.8427019379882799
2.8844709864417815
1.9578765262421725
0.21404304878059119
0.17610665435103828
0.14066298601087751
0.10452837761579443
0.67161625827877464E-1
0.25670765604221119E-1
0.37017297003974015E-2
3.8176514060692965
3.6285153160857373
3.4051965273071430
3.1339468460263658
2.7970141960454731
2.4090991176223202
1.9548112495653995
1.4650241872927869
0.98630466691990148
0.10664092700049259
0.88566778840635504E-1
0.69749269544602657E-1
0.51196034906744757E-1
0.46999510068350216E-1
5.2022174718029204
5.2616247483173488
5.0611150196528873
4.8165663899779272
4.4744600626484887
3.9120215343508180
3.2490164701998268
2.4644340853146276
1.6719900515035164
0.18323823842629960
0.15140654151051727
0.11960503589327917
0.87451660131456874E-1
0.56758166310901435E-1
0.21462668934509998E-1
0.30225101185950907E-2
11.262682041394971
10.924341436931050
8.7349877198170880
5.5347109440625886
1.7591275379771703
0.27760169915055710
0.14880413121811467
0.25409186057752130E-1
5.7071393329197075
4.9981091139622844
2.1299427174874901
1.8174373853966959
1.4752974487262471
1.0915789800708977
0.73366825623097776
0.79335529245757194E-1
0.65769327193429844E-1
0.52456744950845478E-1
0.62590575578725952E-1
0.10178706828228240E-1
4.4672688137172303
3.9195342862887155
3.0260094814535150
1.9982293316203370
0.64773621746605980
0.93299579101409597E-1
0.48638257698918046E-1
0.75587933121869042E-2
3.8462844417240198
3.2377086104352064
2.6779330187050956
2.2608478824525924
2.1009122213079388
1.8454471061122022
1.5041932439146539
1.1169388183972433
0.82902821791782499
0.12026286171339635
0.52571012632404462E-1
0.78477978305887246E-2
1.7015471299533018
1.4019552509724125
1.1261854528816757
0.73885294455062078
0.27444079335702826
0.20449398469261654E-1
1.4469782241120879
1.3699765064122664
2.7454035848624869
2.2186801233765787
1.5307089207460378
0.48249553794375477
0.97172798292642054E-1
0.18699941469383963E-1
0.35292195378426455
0.35803195657775461
0.39182514266244867
0.40028874946217569
0.74577912764560372
0.48887143708070352
0.20091035021695738
0.17656194188950900E-1
0.34581589889900616
0.26279404777090576
0.13067950084204716
0.64395488445685893E-2
0.29969017835916606
0.15103203252647739E-1
0.24750077922998676
0.22359859961698276E-1
0.14108737699727375
0.39873003049012042E-1
10.166941162839038
9.0509580795293392
12.209238101565452
8.5562375101084864
5.6205793494982723
1.8343169669386186
0.27718050220693358
0.15208502508297353
0.25465967620812588E-1
0.36629151192786461E-2
8.3398012079533572
7.7560965468890100
7.2721356640013104
6.5464487880834747
5.9108366506210794
5.1128864252079200
4.0718361853305591
3.0760268734118910
2.2858576804901642
0.32261514375042905
0.16764079289260406
0.27755690975278448E-1
7.2578893081145637
7.1581286818609362
6.7588287344042808
6.1784625390080423
5.4833496836760345
4.7185738676190114
3.8405043256348095
2.8828779679124761
1.9567719349986259
0.21390085855881813
0.17599749267183012
0.14057641955343245
0.10444394639777835
0.67096381206599609E-1
0.25644625324707012E-1
0.37006948799274356E-2
3.8163327698754959
3.6272938956011029
3.4040754078152964
3.1329507789525173
2.7961446570899753
2.4083545329628753
1.9542172216836171
1.4645847277369020
0.98601236105478407
0.10661017497758078
0.88540829242092500E-1
0.69728445196349714E-1
0.51181359864143031E-1
0.46985648382647086E-1
5.2002942302674207
5.2592466725043803
5.0593703497777689
4.8144642790094752
4.4730936421738949
3.9108589118504820
3.2480239916900064
2.4636315897028829
1.6713803874356015
0.18317146024971312
0.15135167978804134
0.11956182479799432
0.87419972275302668E-1
0.56737600153473060E-1
0.21454891998487748E-1
0.30214149207941723E-2
11.257910160744816
10.919712907658273
8.7312867968285559
5.5323659448908904
1.7583822140277972
0.27748408221244608
0.14874108446319315
0.25398420451226127E-1
5.7043820568350867
4.9957097791319622
2.1289384108665899
1.8165779196151639
1.4745837273529152
1.0910613424981768
0.73332302290371010
0.79277035861729545E-1
0.65698068146711003E-1
0.52400433912856301E-1
0.62564101471289407E-1
0.10173782559822259E-1
4.4649030410816044
3.9174585824648438
3.0244069697791827
1.9971711109334747
0.64739318983949767
0.93250169585135198E-1
0.48612499889413671E-1
0.75547903324867782E-2
3.8439872322513486
3.2357748754235782
2.6763336120072925
2.2594975815971745
2.0996574426951855
1.8443449051081664
1.5032948582073553
1.1162717220155551
0.82853307734666670
0.12019103421615208
0.52539614375193680E-1
0.78431107005053468E-2
1.7004058827168824
1.4010149434560406
1.1254301073416246
0.73835738738018153
0.27425672275947266
0.20435682822437268E-1
1.4458878954868095
1.3689442002061265
2.7433348653291612
2.2170083010861377
1.5295554992740026
0.48213196737453495
0.97099576538636823E-1
0.18685850668889982E-1
0.35255353461885131
0.35772315190102555
0.39156561744802870
0.39998793049206777
0.74506139191163512
0.48842222922808881
0.20068482011632613
0.17640388635383281E-1
0.34546805088869442
0.26252967798556043
0.13054803650436111
0.64330723964680448E-2
0.29936738808776947
0.15086935895794162E-1
0.24721537188834758
0.22334075524934292E-1
0.14090122962288018
0.39820395544466092E-1

