# rank
2
# size
140
32
# lbound
1
1
# entries
10.313577137162873
9.1814984294043818
12.385329759429913
8.6796425936774515
5.7016439603755886
1.8607729925374410
0.28117822702442774
0.15427852020367114
0.25833258717944736E-1
0.37157446890359823E-2
8.5085253924887727
7.9130116858018900
7.4192596935968123
6.6788913014996076
6.0304199678885215
5.2163262520340918
4.1542143167513075
3.1382585876799114
2.3321033239399038
0.32914203518234419
0.17103236726834584
0.28317221905003104E-1
7.3840305928955692
7.3031195340162505
6.8900364230929263
6.3192779765216027
5.6422181860671463
4.8660329178467459
3.9777278297584893
2.9838602381822867
2.0261481714686753
0.22225138896263852
0.18258823258774723
0.14581834877149200
0.10905781644610359
0.70453911540577258E-1
0.26970924646580137E-1
0.37942041894765970E-2
3.9306877549811312
3.7348737580641611
3.5041597453158153
3.2238186367114614
2.8765667208136261
2.4774712528953624
2.0099472886511753
1.5061518949184762
1.0138731467679800
0.10959285996804145
0.91032245541869644E-1
0.71704026859478173E-1
0.52610208775357159E-1
0.48310931550857666E-1
5.3696801980197986
5.4595721947661247
5.2233908888317107
4.9918805375466961
4.6156062245356555
4.0231198990841186
3.3473495295436386
2.5323453276842915
1.7252039021357111
0.18926065890143184
0.15633000373830711
0.12349668223690501
0.90291634128855783E-1
0.58603837476509074E-1
0.22160595449126793E-1
0.31207965879480803E-2
11.692306688246704
11.341059791820161
9.0681913031720747
5.7458372305039314
1.8262309636525873
0.28819105358004854
0.15448039217351525
0.26378441209121004E-1
5.9453753093430510
5.2200212697849704
2.2230206321645958
1.8952458392125271
1.5390455572632973
1.1397838100811768
0.76955752145041079
0.84481287689372797E-1
0.70927562332013194E-1
0.56191587291406657E-1
0.65201274212285554E-1
0.10623334637695445E-1
4.6813612873161548
4.1073767523903015
3.1710300481650826
2.0939938531353399
0.67877877497034567
0.97770932518563461E-1
0.50969231127319943E-1
0.79210461393863785E-2
4.0548932755639209
3.4133104484608809
2.8231746129234985
2.3834682573608101
2.2148582528943597
1.9455376154211621
1.5857753534120587
1.1775176205910629
0.87399176972490111
0.12678549302587300
0.55422278004268889E-1
0.82734345661070723E-2
1.8055646119653754
1.4876583458398214
1.1950304310931190
0.78401985266410390
0.29121766646496106
0.21699493103720897E-1
1.5467971723921898
1.4644835361379107
2.9347936488446571
2.3717344767835322
1.6363039822650867
0.51578021102647631
0.10387620706920334
0.19989946017668566E-1
0.38392556701716118
0.38716601230974607
0.42090948162937603
0.43127526490071211
0.80912454238383924
0.52963582977863843
0.21912391481656943
0.19113524165929704E-1
0.37807923598498067
0.28731288189033982
0.14287201806343941
0.70403011070766719E-2
0.32973883762659056
0.16617537192018857E-1
0.27417378193416841
0.24769567951624650E-1
0.15863771914409933
0.44832942490972909E-1
10.296452389211474
9.1662533942115818
12.364765056455914
8.6652308440247197
5.6921769040447421
1.8576833498200607
0.28071135639329969
0.15402235488511423
0.25790364963583407E-1
0.37095750361206808E-2
8.4888201331733448
7.8946856022513385
7.4020771114868857
6.6634233703406087
6.0164538593366119
5.2042455380761892
4.1445933934317720
3.1309905598588159
2.3267023057106844
0.32837976100959487
0.17063626606480128
0.28251640834842204E-1
7.3656235319945447
7.2838655763394415
6.8721608339787617
6.3018218784189548
5.6249147376956499
4.8505684704082492
3.9642217650434382
2.9738300902363024
2.0192955849508261
0.22146133636768189
0.18195314382988007
0.14531227243731881
0.10864338163350580
0.70166644519865054E-1
0.26858830060805670E-1
0.37832587906753931E-2
3.9174954799149408
3.7223931130709240
3.4924929742072433
3.2131462902476748
2.8670771568424436
2.4693057223301418
2.0033400228079801
1.5012105453430173
1.0105529294000928
0.10923542460484063
0.90734644767787018E-1
0.71468949706638252E-1
0.52438772519594938E-1
0.48152838686520358E-1
5.3500998846732095
5.4368193725499268
5.2038165500109281
4.9714822007348367
4.5988420065836175
4.0087709551731949
3.3359565308531933
2.5240297403280940
1.7190312861598152
0.18854103025742497
0.15574618806632001
0.12303548287143319
0.89954439285938798E-1
0.58384980968230311E-1
0.22077836524963885E-1
0.31091419476771192E-2
11.641253590964416
11.291540373259402
9.0285961005213746
5.7207487005056556
1.8182569385493110
0.28693270086260764
0.15380587150790795
0.26263262813521947E-1
5.9196549493422372
5.1919445537242384
2.2117181029129949
1.8853033420698189
1.5319044842534757
1.1335648541230934
0.76477673988015171
0.83977509762781802E-1
0.70521680963088043E-1
0.55903959316032009E-1
0.64878102903803692E-1
0.10570407158078709E-1
4.6558401976298445
4.0849848189248714
3.1537427384937535
2.0825781555105389
0.67507831843004018
0.97237920733234881E-1
0.50691365301760397E-1
0.78778634588527463E-2
4.0299751136721547
3.3923349463794414
2.8058256181971775
2.3688213495719626
2.2012474886245501
1.9335818824405344
1.5760304342995330
1.1702815300934122
0.86862090866147457
0.12600636982187038
0.55081696587726235E-1
0.82225925912611311E-2
1.7931124085140941
1.4773986053322634
1.1867888195995007
0.77861280455819859
0.28920926332757246
0.21549841021969530E-1
1.5348156567393667
1.4531396232288889
2.9120606902712605
2.3533629835683136
1.6236291454304901
0.51178496925714145
0.10307158030677480
0.19835103575889745E-1
0.38030254481156595
0.38362866793037281
0.41720506200098612
0.42741492555052418
0.80159782521629674
0.52474719384076884
0.21702781272424362
0.18937854377669983E-1
0.37417701274607129
0.28434741804393282
0.14139738018936740
0.69676385878563772E-2
0.32609664920685422
0.16433985257521381E-1
0.27093325289504844
0.24476810184388655E-1
0.15649520498427108
0.44227442017113837E-1
10.360629661132309
9.2233861924161324
12.441834017615475
8.7192407937736718
5.7276559575268076
1.8692621970751726
0.28246101621490927
0.15498236850705904
0.25951115016382149E-1
0.37326966314823319E-2
8.5629486328891868
7.9636258307215080
7.4667156433967827
6.7216116190802104
6.0689924561269164
5.2496915373833080
4.1807859956270592
3.1583318898888626
2.3470202001296876
0.33124733254943250
0.17212634480390260
0.28498347882081144E-1
7.4363366306518612
7.3571253249194628
6.9403603966493845
6.3677336245999054
5.6892052871363594
4.9077296254986278
4.0136869798796013
3.0106150912870793
2.0444061861742417
0.22433733415840065
0.18427163647344846
0.14716032445151384
0.11013938370122366
0.71194967242129634E-1
0.27259216990294783E-1
0.38243045395771279E-2
3.9669221510005710
3.7691854716860007
3.5362592227361542
3.2532181715117812
2.9027277372980018
2.4999865904409133
2.0281762774472787
1.5197905999163626
1.0230409794133803
0.11058069145661563
0.91854291718377321E-1
0.72352968034850099E-1
0.53084092242752019E-1
0.48747529012713869E-1
5.4230339907185749
5.5216231785783876
5.2780517207958191
5.0483438988506020
4.6617635422110979
4.0632855305538733
3.3786492547489160
2.5559170299580773
1.7417024948838671
0.19123386438096504
0.15795644709049614
0.12476888645079036
0.91221775694901822E-1
0.59207927490652103E-1
0.22388883386923415E-1
0.31529455533935670E-2
11.833311114124026
11.477828324105879
9.1775499731541768
5.8151296722328301
1.8482545604855432
0.29166651955408796
0.15634336238020902
0.26696554397339856E-1
6.0157866142471041
5.2982418381839338
2.2543231822064933
1.9230525125941624
1.5586362332076842
1.1571521612327622
0.78284482763823238
0.85818118629755649E-1
0.71976157619760978E-1
0.56943894693312465E-1
0.66095912329521431E-1
0.10769770908269397E-1
4.7520839772934922
4.1694280906338310
3.2189357237242047
2.1256284288496712
0.68903328384482432
0.99247986504556851E-1
0.51739238163770504E-1
0.80407116930640721E-2
4.1240941657022656
3.4715620731769854
2.8713549676094332
2.4241445745452417
2.2526570683537455
1.9787401994684704
1.6128382274652113
1.1976131599704944
0.88890733083301399
0.12894921679806012
0.56368115714598474E-1
0.84146291666964881E-2
1.8402246154275235
1.5162157528002822
1.2179704901774484
0.79907006500635380
0.29680794291423601
0.22116041202369745E-1
1.5802427342930983
1.4961492746296685
2.9982511107541745
2.4230172135712547
1.6716849016928819
0.52693264864599354
0.10612226632996059
0.20422177850557020E-1
0.39402608597345612
0.39709483591014477
0.43139152908532080
0.44215843123488813
0.83017092393562286
0.54332793150878633
0.22495124111508089
0.19605984373431626E-1
0.38905936594251622
0.29565711164555464
0.14702135652880913
0.72447609179209166E-2
0.34000933416786566
0.17135129719133949E-1
0.28333490363116753
0.25597207358960129E-1
0.16474123954223269
0.46557871344453411E-1
10.290914929591187
9.1613237586321503
12.358115252753990
8.6605706597121568
5.6891156360889266
1.8566842827484074
0.28056038907540948
0.15393952125091109
0.25776494836360953E-1
0.37075800167494974E-2
8.4824482392292033
7.8887596786729484
7.3965209506093066
6.6584216591069358
6.0119377775596288
5.2003391176187330
4.1414823710364068
3.1286403699060847
2.3249558321019856
0.32813327198311892
0.17050818275365415
0.28230434535695390E-1
7.3597610133594245
7.2776957637592012
6.8664425107334113
6.2962012190487560
5.6192877035722288
4.8455237100625803
3.9597915650800037
2.9705427098304633
2.0170485408429899
0.22120125536986102
0.18174442703127722
0.14514598321707850
0.10850627973704786
0.70071152843466697E-1
0.26821521695038004E-1
0.37797194858014407E-2
3.9132247109509413
3.7183544173083569
3.4887189875868012
3.2096958986863102
2.8640102101326259
2.4666669280470073
2.0012053515847747
1.4996144088508800
1.0094806386089992
0.10912003452382395
0.90638548504002991E-1
0.71393021299895165E-1
0.52383432968752482E-1
0.48101785003390296E-1
5.3437746279896450
5.4294308448468769
5.1974860998516750
4.9648630356600858
4.5934273626914637
4.0041399864778544
3.3322870971171379
2.5213558638602640
1.7170388713525373
0.18830816186369881
0.15555740539235050
0.12288634941437734
0.89845403939426180E-1
0.58314211513364751E-1
0.22051075593820774E-1
0.31053733024350065E-2
11.624745058080100
11.275527770827033
9.0157925931963270
5.7126360718005733
1.8156784572691274
0.28652579984539656
0.15358775846125469
0.26226018719969775E-1
5.9104884999282516
5.1834172009274546
2.2081040830241472
1.8823410562145477
1.5294340677558651
1.1317129854854098
0.76335033286376841
0.83780804719236796E-1
0.70341811028585693E-1
0.55780655919900286E-1
0.64773828440647996E-1
0.10553292524799838E-1
4.6475876963956804
4.0777441618514443
3.1481527129050519
2.0788867747781539
0.67388173856055977
0.97065566007386000E-1
0.50601514590190175E-1
0.78638999044442735E-2
4.0219175752091632
3.3855523066512032
2.8002156461250491
2.3640851245090886
2.1968463109979228
1.9297158758400834
1.5728793166164159
1.1679416673956835
0.86688418667588352
0.12575443249154364
0.54971566158543990E-1
0.82061523269416764E-2
1.7890858631897038
1.4740810149690966
1.1841238115665926
0.77686438112817935
0.28855982595739277
0.21501449515003008E-1
1.5309413130523446
1.4494714548069045
2.9047097592965621
2.3474223763177791
1.6195306093606747
0.51049306761667557
0.10281139614412342
0.19785033713764451E-1
0.37912827796076898
0.38248543519772921
0.41601192859268055
0.42616962497857924
0.79916137783505814
0.52316579865504220
0.21634764568268719
0.18881049601677642E-1
0.37291519070631884
0.28338850470734889
0.14092054075059407
0.69441424997939254E-2
0.32491891092066116
0.16374631891948353E-1
0.26988539521250499
0.24382144013581616E-1
0.15580240146508278
0.44031647344189309E-1
10.237078305663584
9.1133965582571612
12.293464130101775
8.6152631346966047
5.6593531921200171
1.8469710926028748
0.27909264551140400
0.15313419109612086
0.25641645848863574E-1
0.36881839190838475E-2
8.4204218765850900
7.8310745558355723
7.3424352340981782
6.6097331596528317
5.9679765741112911
5.1623125820143034
4.1111985331413408
3.1057627552488758
2.3079550147074777
0.32573385700885515
0.16926137262537594
0.28024004608777138E-1
7.3060959645758752
7.2198161766768987
6.8131618112120140
6.2424734657798631
5.5634496672585509
4.7948875938246447
3.9144389047658459
2.9369858128838682
1.9940709597751534
0.21850501997685579
0.17959334875045202
0.14343320958197495
0.10706069014985924
0.69047809287831566E-1
0.26420040819755387E-1
0.37453332002221778E-2
3.8715635395030761
3.6790199951915037
3.4520124770666132
3.1762078925416435
2.8342827090520171
2.4410982207038088
1.9805418076183141
1.4841754426331033
0.99911587573958904
0.10800640410941142
0.89710287679809375E-1
0.70658786575451951E-1
0.51849530740187201E-1
0.47608436686417829E-1
5.2820193700745923
5.3569374258696234
5.1364477470675700
4.9003490077347784
4.5403339768232911
3.9610580148128722
3.2958805651142549
2.4959678921352859
1.6974908490718945
0.18605657893405367
0.15372464146694362
0.12143761977754153
0.88787746417437752E-1
0.57627158505951348E-1
0.21791271724227804E-1
0.30687860621858559E-2
11.464646710584162
11.120238914664185
8.8916252683797214
5.6339604887773342
1.7906725651708131
0.28257970839642194
0.15147251669015355
0.25864828669135389E-1
5.8217323980960458
5.1007700553372493
2.1730798253532742
1.8536511164999430
1.5054977648317889
1.1137661848906990
0.74949950311765423
0.81865336164607880E-1
0.68588702067606269E-1
0.54580776589358102E-1
0.63763549423168739E-1
0.10387455153800745E-1
4.5676783360317392
4.0076325364260539
3.0940242303351915
2.0431429602890998
0.66229519900347367
0.95396647032703841E-1
0.49731485893908751E-1
0.77286901456660711E-2
3.9439725695849286
3.3199400983827769
2.7459472977054684
2.3182690119507785
2.1542712967505446
1.8923178655669102
1.5423968204221641
1.1453068873109127
0.85008391875828526
0.12331730399138637
0.53906213884839613E-1
0.80471165990044814E-2
1.7501765001897465
1.4420224343929131
1.1583712727035367
0.75996899403190998
0.28228417466172878
0.21033832101318380E-1
1.4935512665303372
1.4140711395462904
2.8337682855071527
2.2900914838080402
1.5799769541607382
0.49802533983075953
0.10030044235899302
0.19301825556345135E-1
0.36771522448741611
0.37149830815303514
0.40470162266666310
0.41429017292380987
0.77559715144345331
0.50791273119444469
0.20970666450020306
0.18333972285815934E-1
0.36078232761449708
0.27416815366082786
0.13633552848704780
0.67182211886841906E-2
0.31360637031618516
0.15804524453030322E-1
0.25983174585314972
0.23473871350850679E-1
0.14917044677351451
0.42157376553522322E-1
10.252008107456311
9.1266875774533318
12.311392974380214
8.6278276738309838
5.6676068186832378
1.8496647236864818
0.27949967550129745
0.15335752270036285
0.25679041742372666E-1
0.36935627833694297E-2
8.4376596712647842
7.8471058731844376
7.3574662376356947
6.6232642184006707
5.9801938663497971
5.1728805660969792
4.1196147380821895
3.1121206909299479
2.3126797250909470
0.32640068029035330
0.16960787459775722
0.28081373710305432E-1
7.3202129173871189
7.2353795458060279
6.8274031187875073
6.2571555406772994
5.5791813368901764
4.8092817494468258
3.9275256703969550
2.9466480425542203
2.0006957181547667
0.21929030522962967
0.18021715984199346
0.14392969063671082
0.10748688531193412
0.69352965509887052E-1
0.26540102842499583E-1
0.37548577512671820E-2
3.8831380608880655
3.6899337718931942
3.4621857540437753
3.1854729088760076
2.8424984058753702
2.4481625554712849
1.9862462182837199
1.4884348915709016
1.0019737532408017
0.10831306810794686
0.89966098021600091E-1
0.70861308605548193E-1
0.51996511671420810E-1
0.47744436307003986E-1
5.2993648561655071
5.3770859999977825
5.1530875929992455
4.9180895868641707
4.5553836584355958
3.9720170646827846
3.3065477538296819
2.5028316482066959
1.7030517664842515
0.18667246864618292
0.15423164171062878
0.12183888574898855
0.89079826098792766E-1
0.57817219013665613E-1
0.21863141659775962E-1
0.30789072455335519E-2
11.508852761305571
11.163116977800836
8.9259101135679213
5.6556842408838328
1.7975771444604913
0.28366929564996374
0.15205657321843039
0.25964559777900631E-1
5.8462101341795751
5.1235555119792764
2.1827361291236627
1.8615627537485158
1.5120975605539173
1.1187141832481464
0.75331564561491815
0.82392569825603335E-1
0.69071097524378705E-1
0.54911121343760569E-1
0.64042112042249424E-1
0.10433179366285057E-1
4.5896840212025731
4.0269400912469129
3.1089302981698284
2.0529862017425220
0.66548593586523064
0.95856239067544591E-1
0.49971077069370089E-1
0.77659246244573717E-2
3.9654006170552440
3.3379777071063681
2.7608663388519465
2.3308644287698841
2.1659756954998408
1.9025990418015006
1.5507768361811347
1.1515294687098396
0.85470252049638540
0.12398730080227109
0.54199092420298314E-1
0.80908374904255839E-2
1.7608531886583019
1.4508192753372473
1.1654377424043003
0.76460507056142590
0.28400620680656657
0.21162145830031641E-1
1.5037877266138624
1.4237628609485675
2.8531902876778186
2.3057872490535685
1.5908057562156741
0.50143869203768088
0.10098787873802867
0.19434115870895698E-1
0.37085338729123540
0.37448983287881438
0.40774357206669332
0.41750337109697755
0.78204879793120496
0.51207896571590883
0.21153986711618658
0.18483204391418321E-1
0.36408256911606429
0.27667618218072854
0.13758269868994683
0.67796732512041555E-2
0.31667775685292454
0.15959310223407578E-1
0.26255585516490765
0.23719974425438033E-1
0.15096009982761660
0.42663154201399808E-1
10.206231125190783
9.0859353452080001
12.256420483923220
8.5893029369915990
5.6422999779055596
1.8414056520620861
0.27825166130207551
0.15267275494331883
0.25564380397383932E-1
0.36770703892688101E-2
8.3848060411694725
7.7979514811730484
7.3113789558403566
6.5817759893583174
5.9427338398940339
5.1404775625841888
4.0938094079332004
3.0926263190046912
2.2981930636846850
0.32435610140342852
0.16854544825982717
0.27905471553015624E-1
7.2798293877235887
7.1894781766047995
6.7857425561551894
6.2129135449293997
5.5299162733174905
4.7637166229213763
3.8853635659854797
2.9155963806894132
1.9793731780018868
0.21673323621003379
0.17819583716363124
0.14232177588878381
0.10608003867486845
0.68333084795740406E-1
0.26137602447840223E-1
0.37256540679010256E-2
3.8474851192192165
3.6563720976360101
3.4309457052536310
3.1570856267415972
2.8173611558894924
2.4265559817569375
1.9688174530127553
1.4754313925200133
0.99325555991316050
0.10737913013491833
0.89186275518161634E-1
0.70243217006809841E-1
0.51549048233033933E-1
0.47329681776957441E-1
5.2461970773340143
5.3147778698875143
5.1021315585622720
4.8633573147196314
4.5092230578266150
3.9388643695822467
3.2738839067213585
2.4820784491930823
1.6860091950844773
0.18478357815018792
0.15267710391528447
0.12060838439282123
0.88184427051670025E-1
0.57234465363496502E-1
0.21642777798909749E-1
0.30478741992114398E-2
11.373310466237145
11.031646489241316
8.8207877032408799
5.5890760012885634
1.7764066823148723
0.28032845984553750
0.15026576944834827
0.25658769435828451E-1
5.7711086089889863
5.0537061605341682
2.1531323536935987
1.8372938939600372
1.4918604455532840
1.1035448285090317
0.74163691121732367
0.80783134959974801E-1
0.67599725424231163E-1
0.53902090847196861E-1
0.63187907254651468E-1
0.10292982162527194E-1
4.5222113330991878
3.9677402701846058
3.0632260877330024
2.0228053664103260
0.65570266434144076
0.94447061858070086E-1
0.49236455060160750E-1
0.76517582008866431E-2
3.8996990516458943
3.2826717287607901
2.7151223503206543
2.2922450163784887
2.1300882764025433
1.8710754336053843
1.5250824674206529
1.1324501130493221
0.84054120390345288
0.12193299140448859
0.53301083477528738E-1
0.79567827655871205E-2
1.7281168814075456
1.4238468588583082
1.1437709002946266
0.75039017367132399
0.27872620134840242
0.20768716944285018E-1
1.4724012247559761
1.3940466085217869
2.7936395541000478
2.2576617094607765
1.5576030461926123
0.49097284891320242
0.98880097042820678E-1
0.19028494184341747E-1
0.36114040461180230
0.36533748985972975
0.39857417182719285
0.40775057319168379
0.76218013645386873
0.49928448030972589
0.20583991802189858
0.18025630604974450E-1
0.35396357788508809
0.26898617019127341
0.13375867547874745
0.65912544472146051E-2
0.30726043109235157
0.15484714139421568E-1
0.25420333278149293
0.22965385969590961E-1
0.14547275865213058
0.41112365065775355E-1
10.257060044630705
9.1311849843777484
12.317459725711656
8.6320792548776293
5.6703996757778716
1.8505761929205888
0.27963740605965215
0.15343309351164028
0.25691695741883926E-1
0.36953828801676073E-2
8.4434917950740243
7.8525298052674630
7.3625517300224432
6.6278422291818551
5.9843273858789834
5.1764560693866688
4.1224622223532945
3.1142717937103326
2.3142782530019250
0.32662628896065271
0.16972510783093026
0.28100783600558506E-1
7.3251411182192738
7.2407408741298136
6.8323267939195302
6.2621643746513538
5.5844514473382807
4.8140783692981843
3.9318483504564190
2.9498435987288576
2.0028850134627292
0.21954828280882596
0.18042260851577999
0.14409324669918155
0.10762590498800929
0.69451849344822195E-1
0.26578943931149797E-1
0.37580809064592532E-2
3.8870466414281739
3.6936221124906270
3.4656261330425302
3.1886094171064325
2.8452814897468541
2.4505560202957470
1.9881798773657451
1.4898792820623081
1.0029432024703162
0.10841717540713633
0.90052902271091750E-1
0.70929993629784915E-1
0.52046417669401053E-1
0.47790576473235973E-1
5.3051767038583035
5.3838919645619656
5.1587725502358257
4.9241222375087865
4.5603967371791061
3.9759320419535875
3.3100248777508692
2.5051855182111047
1.7048995953598209
0.18688246057891048
0.15440322709615936
0.12197457824517779
0.89178784340199407E-1
0.57881541676024224E-1
0.21887464785361577E-1
0.30823325834271149E-2
11.523815296061223
11.177630025211029
8.9375145925781219
5.6630371346757951
1.7999141550259914
0.28403809102716632
0.15225426032146258
0.25998316020694721E-1
5.8544840951707648
5.1312719073502064
2.1860057608764540
1.8642383170839862
1.5143313364729982
1.1203895676216402
0.75461275625085966
0.82572761534202108E-1
0.69236251630482401E-1
0.55023873452994733E-1
0.64136384747426889E-1
0.10448657190092544E-1
4.5971336075035003
4.0334762792720191
3.1139764504654526
2.0563184350321868
0.66656609626154095
0.96011824794604919E-1
0.50052185888508578E-1
0.77785296154391313E-2
3.9726554484516470
3.3440846475667731
2.7659174350035500
2.3351288222250797
2.1699384195716469
1.9060799095866774
1.5536140336213007
1.1536362299050511
0.85626622698637089
0.12421413966408665
0.54298251449944941E-1
0.81056399448349251E-2
1.7644683963198831
1.4537979523749200
1.1678305026199580
0.76617488122308808
0.28458929994652676
0.21205593831394282E-1
1.5072543755727559
1.4270450303347566
2.8597676848498086
2.3111027299721161
1.5944730059351575
0.50259464768816065
0.10122068388631671
0.19478916913196104E-1
0.37191166369394274
0.37550421885722574
0.40878220124396120
0.41859697150019959
0.78422967798630627
0.51348916986486348
0.21215672201763533
0.18533754435477050E-1
0.36520068666475758
0.27752589618766738
0.13800523683007665
0.68004932144216995E-2
0.31771846217218858
0.16011757667795026E-1
0.26347900966208110
0.23803374588233596E-1
0.15156674377172363
0.42834599133950456E-1
10.368094323507743
9.2300314896747473
12.450798153320576
8.7255228626077486
5.7317826389471440
1.8706089695830899
0.28266452470707903
0.15509403074119815
0.25969812365693845E-1
0.37353859776915166E-2
8.5715948228178895
7.9716668717700419
7.4742549437434489
6.7283985721704500
6.0751204458768484
5.2549922617068185
4.1850074234691714
3.1615209242447357
2.3493900359522311
0.33158179997103987
0.17230014440643576
0.28527123265305602E-1
7.4448101449181481
7.3658038327692781
6.9484658486691613
6.3754690846936075
5.6965998311490447
4.9142606977152967
4.0192713961239992
3.0147754177339294
2.0472430575432852
0.22465941696390149
0.18453227196468036
0.14736815542293741
0.11030502910233804
0.71307526048879424E-1
0.27302909670924875E-1
0.38290809678531664E-2
3.9726645871800872
3.7746264602121484
3.5413519835192546
3.2578862505043360
2.9068836126244810
2.5035637742358898
2.0310735098421686
1.5219588698795237
1.0244988441382048
0.11073786497729098
0.91985044294033688E-1
0.72456146392577817E-1
0.53159500927967632E-1
0.48816963575119367E-1
5.4311513232589315
5.5313954009391670
5.2870497686423068
5.0575870476557521
4.6690041074432660
4.0698654813241228
3.3834441110102831
2.5598352722506537
1.7440482718973427
0.19154306752431002
0.15822220481044347
0.12497093307644142
0.91369497234216196E-1
0.59304044197833604E-1
0.22425139207337477E-1
0.31580513295854213E-2
11.855712526956300
11.499556779330838
9.1949238158390063
5.8261381819563169
1.8517534555140995
0.29221866781173705
0.15663933298137780
0.26747093129101944E-1
6.0269673987285337
5.3106805096828120
2.2592992018335978
1.9274738331085397
1.5617485679219341
1.1599143329881054
0.78495929033918210
0.86030763054272166E-1
0.72142893499908850E-1
0.57063449864978508E-1
0.66238107292552986E-1
0.10793046312802316E-1
4.7633299043699715
4.1792951477990536
3.2265534166323779
2.1306587823570493
0.69066389856047572
0.99482859378026839E-1
0.51861680381156100E-1
0.80597402409128185E-2
4.1351045311165358
3.4808303307502193
2.8790208128004529
2.4306164727392101
2.2586711350745987
1.9840229723103810
1.6171441277490066
1.2008105065844190
0.89128050519292312
0.12929348100246119
0.56518605380157766E-1
0.84370942555689523E-2
1.8457426595285098
1.5207622333333763
1.2216226611255785
0.80146613330232019
0.29769794259405402
0.22182357721380958E-1
1.5855715422217911
1.5011945072032080
3.0083616488028406
2.4311879794028806
1.6773220658861423
0.52870954204031617
0.10648012601946133
0.20491044399277399E-1
0.39563182820065146
0.39867977385827963
0.43307286731645406
0.44390029381899904
0.83352287360656208
0.54551075953153272
0.22587606851008085
0.19684536276288470E-1
0.39081254707166962
0.29698941929759032
0.14768387355888785
0.72774068091150555E-2
0.34165014488671519
0.17217820109328208E-1
0.28479946657846505
0.25729519760191943E-1
0.16571895973168488
0.46834186922252136E-1
10.320602949563845
9.1877530474352493
12.393766890626654
8.6855553376032191
5.7055280328278508
1.8620405878433659
0.28136977118491041
0.15438361777806603
0.25850856843895050E-1
0.37182759276904167E-2
8.5166099176248817
7.9205303731096430
7.4263092337600423
6.6852373676059624
6.0361498775453395
5.2212826362202343
4.1581615165909191
3.1412404593045893
2.3343192129538850
0.32945477527936873
0.17119487668196176
0.28344128011727299E-1
7.3916900794898481
7.3110863237435693
6.8974446465847352
6.3264684859315210
5.6492791420183437
4.8723245100399328
3.9831934942457208
2.9879224604863617
2.0289221454887274
0.22256999079621376
0.18284476408991279
0.14602280270990176
0.10922413698855310
0.70568646097700458E-1
0.27015639409034571E-1
0.37986947851250306E-2
3.9360942977626365
3.7399906861743220
3.5089446012701901
3.2281979478372604
2.8804619426344682
2.4808232757232553
2.0126602887388452
1.5081812285703813
1.0152369389958826
0.10973973365704909
0.91154505726184484E-1
0.71800575708820799E-1
0.52680659409727784E-1
0.48375873210168036E-1
5.3777214891347391
5.4688669116767850
5.2314205540566077
5.0002195954928244
4.6224921492766491
4.0290183439272704
3.3520425712466193
2.5357763657001118
1.7277409438056255
0.18955568481335713
0.15656952722792400
0.12368589963329814
0.90429975885221101E-1
0.58693628273679466E-1
0.22194549156201785E-1
0.31255781658362318E-2
11.713252367856812
11.361376245294423
9.0844361242107112
5.7561303633245871
1.8295024865161793
0.28870732103998914
0.15475712942363914
0.26425695732365397E-1
5.9558277182007346
5.2316142868926070
2.2276617682517807
1.8993675806459633
1.5419521998645491
1.1423577016614370
0.77152524515786514
0.84679354729834039E-1
0.71082986725582373E-1
0.56303166931853756E-1
0.65333942005453963E-1
0.10645049324749453E-1
4.6918318874624019
4.1165635459284955
3.1781225551621453
2.0986773994371997
0.68029697036358094
0.97989612572824847E-1
0.51083231822019959E-1
0.79387628037870077E-2
4.0651165110430902
3.4219161192163638
2.8302924275995740
2.3894774801926335
2.2204423745798239
1.9504427233548021
1.5897734253102001
1.1804863892116129
0.87619528608440644
0.12710514581633167
0.55562009178513130E-1
0.82942936279966975E-2
1.8106734080583584
1.4918676347761211
1.1984117372822776
0.78623821557040374
0.29204165895284240
0.21760891230851519E-1
1.5517128582460749
1.4691376311481228
2.9441203555914672
2.3792717944259389
1.6415041187030377
0.51741934867962802
0.10420632326721502
0.20053473606555357E-1
0.38540872663324183
0.38861801003162955
0.42243496823558191
0.43286262539872195
0.81220942254575690
0.53164077685547384
0.21998104633091592
0.19185596423636358E-1
0.37968021204160679
0.28852952912436647
0.14347702083990196
0.70701126198308602E-2
0.33123312721489173
0.16692843494994791E-1
0.27550328174189526
0.24889678399811370E-1
0.15951673369053807
0.45081362657512364E-1
10.395822487025248
9.2547160473602545
12.484096246137495
8.7488581754589791
5.7471115703110467
1.8756116778694438
0.28342047540709386
0.15550881020893800
0.26039265360750248E-1
0.37453757974171714E-2
8.6037118772925165
8.0015360459980016
7.5022603567555555
6.7536093232542669
6.0978834180346944
5.2746822816181300
4.2006882989858800
3.1733668807843918
2.3581930054493379
0.33282420945872532
0.17294573874894439
0.28634012028815190E-1
7.4766286921160479
7.3982660563071967
6.9788181338054267
6.4043113869662101
5.7239773827347333
4.9383843315497256
4.0398094981655399
3.0300860276237591
2.0576790267413578
0.22584047706489899
0.18548933831816686
0.14813142898725615
0.11090989385098961
0.71716767256459202E-1
0.27461584030929825E-1
0.38468379206226108E-2
3.9940020730402588
3.7948497855941015
3.5602856989891900
3.2752477996153071
2.9223438307844569
2.5168720322097635
2.0418540498738476
1.5300280408170130
1.0299249302891893
0.11132301727312428
0.92471754264258924E-1
0.72840141075043760E-1
0.53440262008418241E-1
0.49075407674183148E-1
5.4614856154204796
5.5675678546268310
5.3204232034528243
5.0917411827749355
4.6960016109730240
4.0943402737904027
3.4014226353744905
2.5744564204407001
1.7528743787021599
0.19269328064447497
0.15920860174138141
0.12572246593800618
0.91918962442051083E-1
0.59661509636647798E-1
0.22559996398722696E-1
0.31770427805913929E-2
11.939077199272553
11.580417105566935
9.2595788763541371
5.8671052768739518
1.8647742520017365
0.29427343368358400
0.15774075869797974
0.26935168088666809E-1
6.0687805466941063
5.3568894182998603
2.2778146254719642
1.9439075718667069
1.5733622237196920
1.1701713439321526
0.79278833387574654
0.86819671884408908E-1
0.72762518419670505E-1
0.57508921443816016E-1
0.66767575636550766E-1
0.10879702274099141E-1
4.8052113124756106
4.2160414511609741
3.2549227723414274
2.1493925236240341
0.69673653622785747
0.10035755886699245
0.52317672354144307E-1
0.81306052192015223E-2
4.1761297321983655
3.5153643463177051
2.9075841554862589
2.4547311060686869
2.2810798642365531
2.0037068619865690
1.6331881388544018
1.2127239883653735
0.90012307777378642
0.13057622754895865
0.57079337795296857E-1
0.85208003591937618E-2
1.8663146413931373
1.5377121005984784
1.2352384266280747
0.81039898570961100
0.30101597647302730
0.22429594278656772E-1
1.6054495311096748
1.5200146783138240
3.0460768687303141
2.4616672900817345
1.6983503124831811
0.53533786635223513
0.10781504576633660
0.20747936467546493E-1
0.40161842341445458
0.40460085202738894
0.43936903209807826
0.45041608780767423
0.84603102755515780
0.55366020822853401
0.22932111858126317
0.19977883804993303E-1
0.39736464259587451
0.30196859487744016
0.15015986947122159
0.73994132025852130E-2
0.34778601790233599
0.17527043914374950E-1
0.29027931177979421
0.26224583136132455E-1
0.16938063523172614
0.47869020806650307E-1
10.386850683812449
9.2467290418808048
12.473322220806665
8.7413077354639821
5.7421516978127247
1.8739929873907948
0.28317587785504794
0.15537460298822098
0.26016792952731151E-1
0.37421434630199317E-2
8.5933199920766352
7.9918714912887481
7.4931988459101246
6.7454520611468052
6.0905181662173620
5.2683113229432488
4.1956145504395153
3.1695339694964133
2.3553446916774416
0.33242221192195404
0.17273684841285608
0.28599426797403741E-1
7.4662643037973293
7.3877122817538341
6.9689448954151541
6.3949494068563570
5.7151222135440900
4.9305909292080168
4.0331889774871668
3.0251489697814966
2.0543145233162181
0.22546033035125443
0.18518106915702420
0.14788556233076564
0.11071562628013167
0.71585622632417661E-1
0.27410766036648302E-1
0.38410826372132986E-2
3.9870847422330860
3.7882926783626312
3.5541459597186624
3.2696167794061437
2.9173288873724079
2.5125550013509432
2.0383566656199279
1.5274100920604035
1.0281643897073831
0.11113313313235385
0.92313827756826880E-1
0.72715555423873618E-1
0.53349151227654164E-1
0.48991551165380183E-1
5.4516179114982188
5.5558620971823176
5.3096113621011334
5.0806992504688084
4.6872300080858462
4.0863988382566756
3.3955636110674936
2.5697039291932446
1.7499926697072008
0.19232004844535344
0.15888891670424848
0.12547861301137492
0.91740675229521743E-1
0.59545530303785552E-1
0.22516238736911231E-1
0.31708805471806841E-2
11.912000266345473
11.554153586871022
9.2385788449460691
5.8537991215148324
1.8605450836579154
0.29360604357519626
0.15738301447103126
0.26874081144714308E-1
6.0551473401624492
5.3418882422595884
2.2717974601162849
1.9385706775298435
1.5695810106058168
1.1668424404111146
0.79025227902708939
0.86563786153121644E-1
0.72561319502589330E-1
0.57364020700280384E-1
0.66595429491807759E-1
0.10851530119798591E-1
4.7915873994311093
4.2040879743235458
3.2456942947712917
2.1432984863515574
0.69476112300100301
0.10007302139996942
0.52169339352223461E-1
0.81075530262172141E-2
4.1627701334452043
3.5041185613087107
2.8982826825557479
2.4468783273652059
2.2737826024979735
1.9972969270918970
1.6279635075276275
1.2088444379390590
0.89724354961765596
0.13015850920239827
0.56896738810365444E-1
0.84935419929181785E-2
1.8596077773503099
1.5321861159831374
1.2307994236839159
0.80748670302315984
0.29993423324273438
0.22348990378314202E-1
1.5989611687686081
1.5138715976342194
3.0337662665842577
2.4517185567010205
1.6914864952183444
0.53317431901893086
0.10737931541842141
0.20664084482776950E-1
0.39966167030399719
0.40266330783691473
0.43730601709735795
0.44828238804663251
0.84194060091419176
0.55099443797686776
0.22819562062652690
0.19881912297765692E-1
0.39521774455238401
0.30033709010634080
0.14934857072134117
0.73594358393445332E-2
0.34577298869219614
0.17425595179949550E-1
0.28847945489499471
0.26061979414154599E-1
0.16817566456684294
0.47528481489686566E-1
10.356192361100792
9.2194359564574224
12.436505369426685
8.7155064756178753
5.7252028896349794
1.8684616205197615
0.28234004245972766
0.15491599191691405
0.25940000548705329E-1
0.37310979743135830E-2
8.5578089846487764
7.9588459076783007
7.4622339755083598
6.7175771771126342
6.0653497288684122
5.2465405704641359
4.1782766065944745
3.1564361976879138
2.3456114729775157
0.33104851146070852
0.17202303122546986
0.28481242619650377E-1
7.4313188696623653
7.3519785249571612
6.9355554858709141
6.3631404943168688
5.6848028405906090
4.9038378016812043
4.0103538701814507
3.0081325665667764
2.0427131348711418
0.22414488496999707
0.18411598363937276
0.14703621329510719
0.11004025360428654
0.71127499060060259E-1
0.27233016302056122E-1
0.38214652356309020E-2
3.9635075722342332
3.7659505007335969
3.5332315774888485
3.2504434058625984
2.9002576539283180
2.4978605076707834
2.0264544368775437
1.5185020513350365
1.0221746477074749
0.11048730137358158
0.91776595828539254E-1
0.72291652846349239E-1
0.53039286583601249E-1
0.48706268508089172E-1
5.4182165915534304
5.5158043273756165
5.2726975703298962
5.0428367381898260
4.6574631107592932
4.0593741392153575
3.3758070117299059
2.5535904823029432
1.7403136940235575
0.19105006703530900
0.15779835173341644
0.12464878168874245
0.91133963981780974E-1
0.59150788983939072E-1
0.22367331447267644E-1
0.31499104716018441E-2
11.819994799886718
11.464912043341213
9.1672222518433379
5.8085857646739614
1.8461746744519050
0.29133830009045464
0.15616742537303549
0.26666512112134992E-1
6.0091495162115729
5.2908427807488545
2.2513647063466946
1.9204229561965873
1.5567874313220806
1.1555088903358077
0.78158576510959399
0.85691576511703713E-1
0.71876986389563968E-1
0.56872843993913354E-1
0.66011389130612427E-1
0.10755935057687941E-1
4.7453989391683749
4.1635627090709200
3.2144074560971543
2.1226381813804358
0.68806397989439183
0.99108368480802567E-1
0.51666453511533289E-1
0.80294003474569529E-2
4.1175491550450456
3.4660526425351956
2.8667980762998315
2.4202974140688900
2.2490820615941884
1.9755999036427603
1.6102786245650351
1.1957125266240443
0.88749661911795008
0.12874457210172841
0.56278658514239743E-1
0.84012750008215665E-2
1.8369444647613924
1.5135131391791776
1.2157994906803269
0.79764574420114209
0.29627889077380642
0.22076619956357728E-1
1.5770750733326024
1.4931501824361275
2.9922409942149910
2.4181601768214716
1.6683339411812921
0.52587639067770531
0.10590953992230327
0.20381240762790912E-1
0.39307098962644677
0.39615281189659868
0.43039307477111366
0.44112362820548046
0.82817783571585413
0.54203024112269682
0.22440098351977394
0.19559289877292278E-1
0.38801720374949411
0.29486513343210091
0.14662752926880751
0.72253548820970888E-2
0.33903396929692026
0.17085975175691666E-1
0.28246430763025648
0.25518555466533172E-1
0.16416004275003079
0.46393618085510270E-1
10.380937220491836
9.2414646749721694
12.466220883193923
8.7363311160591799
5.7388825641282164
1.8729260818261184
0.28301465957840632
0.15528614479779398
0.26001981018341287E-1
0.37400129781614629E-2
8.5864705293099455
7.9855014240427682
7.4872262548107837
6.7400754752894283
6.0856636073916901
5.2641121191101430
4.1922703591754740
3.1670076345139102
2.3534673211404149
0.33215724872199415
0.17259916535057862
0.28576631101540198E-1
7.4594766779113186
7.3807902400042638
6.9624719893952367
6.3888013848448955
5.7092908948141963
4.9254540105052849
4.0288176417478239
3.0218900215744213
2.0520932662239035
0.22520903477107798
0.18497740171964941
0.14772313221564409
0.11058698838716731
0.71498630318442932E-1
0.27377041012960821E-1
0.38372987777440678E-2
3.9825396605306174
3.7839847885258542
3.5501126709174438
3.2659182441758512
2.9140353103595329
2.5097198498832261
2.0360599682713207
1.5256910030519109
1.0270083790136031
0.11100846460814312
0.92210134438920968E-1
0.72633747213804944E-1
0.53289333822671515E-1
0.48936490169229629E-1
5.4451547023465663
5.5481614781623385
5.3025053516292004
5.0734294406052536
4.6814788891539614
4.0811862384665814
3.3917318648313337
2.5665890573348400
1.7481109982674605
0.19207507610360650
0.15867887550464460
0.12531855281712245
0.91623651061452885E-1
0.59469398871980911E-1
0.22487517081008497E-1
0.31668357801550306E-2
11.894253993781353
11.536940427517793
9.2248153850214845
5.8450782423658039
1.8577732788027972
0.29316863484792494
0.15714854823452049
0.26834044647212563E-1
6.0462495054654086
5.3320563721460763
2.2678577986765287
1.9350740310024088
1.5671097404667924
1.1646600754041401
0.78858661088224624
0.86395934757962811E-1
0.72429480946916300E-1
0.57269231699923054E-1
0.66482768988910187E-1
0.10833091475951710E-1
4.7826784395976549
4.1962713474361788
3.2396596015280412
2.1393134687500255
0.69346935924450814
0.99886956437829577E-1
0.52072341320030191E-1
0.80924787182192516E-2
4.1540477842284327
3.4967763000718617
2.8922098433463312
2.4417513262149968
2.2690182928516962
1.9931119443209979
1.6245523976729825
1.2063115180327346
0.89536353431020876
0.12988578504651072
0.56777521748339319E-1
0.84757452765551172E-2
1.8552364140184472
1.5285844198154963
1.2279061945120979
0.80558855126903472
0.29922918052939512
0.22296454806978231E-1
1.5947397172622924
1.5098747929206169
3.0257567555179290
2.4452457222154784
1.6870207656230150
0.53176667412040923
0.10709582099612136
0.20609528792325985E-1
0.39839185850938080
0.40140723154783947
0.43597017155020545
0.44690003771966574
0.83928735571334567
0.54926571332568452
0.22746493310858473
0.19819684074413667E-1
0.39382888345451783
0.29928164413676761
0.14882372883724276
0.73335738923719848E-2
0.34447314771962689
0.17360088320457802E-1
0.28731923641035506
0.25957162278134955E-1
0.16740112016183734
0.47309585851538993E-1
10.378000603182086
9.2388503979993342
12.462694369233265
8.7338597340794806
5.7372591170811456
1.8723962580698474
0.28293459881601291
0.15524221658870344
0.25994625433202450E-1
0.37389549824702185E-2
8.5830690960325882
7.9823380578858121
7.4842602747318594
6.7374054705493798
6.0832528405185826
5.2620268005759963
4.1906096386432488
3.1657530602251027
2.3525350216541510
0.33202566838112402
0.17253079214150940
0.28565310792030986E-1
7.4561137870754610
7.3773576741079978
6.9592629690920589
6.3857503799994593
5.7063922904633193
4.9228991611129729
4.0266413442821225
3.0202677822429846
2.0509874655964566
0.22508383866113779
0.18487596742927073
0.14764223841673990
0.11052283676561694
0.71455202613001839E-1
0.27360200394465201E-1
0.38354197186187197E-2
3.9802821574724909
3.7818452429913965
3.5481096236884309
3.2640816101187098
2.9123998621594818
2.5083120562519361
2.0349195910015836
1.5248374518417687
1.0264344204377700
0.11094657074000294
0.92158652163934873E-1
0.72593128775487972E-1
0.53259636839284551E-1
0.48909152733400282E-1
5.4419486426740615
5.5443329111492092
5.2989741009986240
5.0698135411445673
4.6786245449771124
4.0785976689697456
3.3898326494092057
2.5650433991213255
1.7471791062589599
0.19195342573723545
0.15857451594021138
0.12523906715676411
0.91565537029289656E-1
0.59431590841696982E-1
0.22473253948337213E-1
0.31648271547155124E-2
11.885441220560338
11.528392397544225
9.2179804707816810
5.8407474664267669
1.8563968045312114
0.29295141830825960
0.15703211264147474
0.26814162580611152E-1
6.0418354174832611
5.3271714021999230
2.2659011077285260
1.9333369363929003
1.5658831534948401
1.1635756608714443
0.78775838303747192
0.86312511867138758E-1
0.72363982076423958E-1
0.57222168421464895E-1
0.66426823576480776E-1
0.10823934872155699E-1
4.7782542630634719
4.1923896218590038
3.2366627816145064
2.1373345147878808
0.69282787123625278
0.99794556847448521E-1
0.52024172237902351E-1
0.80849928387271060E-2
4.1497162782558865
3.4931301437888442
2.8891940802013156
2.4392052648785993
2.2666523435902031
1.9910336879457207
1.6228584454657040
1.2050536736803059
0.89442992143478905
0.12975035062618126
0.56718318728216865E-1
0.84669074530166963E-2
1.8530656013268709
1.5267958227215586
1.2264694211009193
0.80464593186049505
0.29887905237436602
0.22270365718435974E-1
1.5926433505658910
1.5078899854957111
3.0217792439371873
2.4420313219963821
1.6848030907818434
0.53106763970506532
0.10695503807710970
0.20582436515560642E-1
0.39776103695919651
0.40078351784709965
0.43530719989644445
0.44621382118983344
0.83796953335083935
0.54840717900360736
0.22710187045977223
0.19788781613278839E-1
0.39313917714361335
0.29875751113424953
0.14856309308102728
0.73207308929185855E-2
0.34382764857758180
0.17327557709027375E-1
0.28674307359334561
0.25905110240385623E-1
0.16701648253349827
0.47200882595061111E-1
10.309415442810611
9.1777935470293563
12.380332079553646
8.6761402182085572
5.6993432552804570
1.8600221406893482
0.28106476708479433
0.15421626633794946
0.25822834582314859E-1
0.37142453262561099E-2
8.5037365765228010
7.9085580401991695
7.4150839442586527
6.6751322504508970
6.0270258931115643
5.2133903700466542
4.1518762185582059
3.1364922953863843
2.3307907564717687
0.32895678561670905
0.17093610587247626
0.28301284247404950E-1
7.3795215618648902
7.2984180163420254
6.8856675759924482
6.3150262131438115
5.6380257334589849
4.8622923196689927
3.9744706159686296
2.9814402379687950
2.0244952719735489
0.22206122576111262
0.18243522882779076
0.14569641488146717
0.10895833119050644
0.70385135899632370E-1
0.26944106214538032E-1
0.37915442143047866E-2
3.9274836939126900
3.7318418589828286
3.5013250250685841
3.2212247730304693
2.8742599095975021
2.4754862060925644
2.0083408383426402
1.5049503613753044
1.0130657290799363
0.10950591954608219
0.90959867857092994E-1
0.71646863610547645E-1
0.52568507727849788E-1
0.48272484722435983E-1
5.3649191481250895
5.4540557461632675
5.2186342606808243
4.9869329401994573
4.6115295484099619
4.0196290745547651
3.3445746895581716
2.5303181814363929
1.7237023343656257
0.18908584367986447
0.15618812355462400
0.12338460054087078
0.90209688287821360E-1
0.58550650480878846E-1
0.22140483191225795E-1
0.31179642513361207E-2
11.679899650944416
11.329025472533443
9.0585687889186772
5.7397401601180329
1.8242930983285954
0.28788524590263381
0.15431646866045040
0.26350450299133431E-1
5.9391921355114805
5.2131497467847003
2.2202710143311344
1.8928031513634320
1.5373249862561920
1.1382579987042398
0.76839003961067065
0.84363840912695956E-1
0.70835447068151161E-1
0.56125509712549718E-1
0.65122692250320316E-1
0.10610472083827458E-1
4.6751590953123623
4.1019350148941456
3.1668288477019164
2.0912195848969328
0.67787948178785351
0.97641398808462260E-1
0.50901703556099610E-1
0.79105517882751969E-2
4.0488376084143622
3.4082129352714330
2.8189584216210100
2.3799087332384126
2.2115505346755322
1.9426321065889232
1.5834071214854359
1.1757590897769445
0.87268653111830119
0.12659614877117109
0.55339509150576303E-1
0.82610788362490438E-2
1.8025384497746373
1.4851650008722237
1.1930275363291265
0.78270581980191933
0.29072957986551673
0.21663124321815507E-1
1.5438853977975837
1.4617267131808642
2.9292690346679309
2.3672697956230606
1.6332237152141429
0.51480927848168445
0.10368066488298355
0.19952315862919980E-1
0.38304617710466932
0.38630611894349470
0.42000734360357933
0.43033593099811551
0.80729642066123219
0.52844802360261511
0.21861545920916081
0.19070832575429089E-1
0.37713090856379933
0.28659220856728501
0.14251364846070322
0.70226424725523678E-2
0.32885370489241444
0.16572929992466883E-1
0.27338626135642163
0.24698421307601311E-1
0.15811704058556469
0.44685792418486921E-1
10.313577137162873
9.1814984294043818
12.385329759429913
8.6796425936774515
5.7016439603755886
1.8607729925374410
0.28117822702442774
0.15427852020367114
0.25833258717944736E-1
0.37157446890359823E-2
8.5085253924887727
7.9130116858018900
7.4192596935968123
6.6788913014996076
6.0304199678885215
5.2163262520340918
4.1542143167513075
3.1382585876799114
2.3321033239399038
0.32914203518234419
0.17103236726834584
0.28317221905003104E-1
7.3840305928955692
7.3031195340162505
6.8900364230929254
6.3192779765216027
5.6422181860671463
4.8660329178467459
3.9777278297584893
2.9838602381822867
2.0261481714686758
0.22225138896263852
0.18258823258774723
0.14581834877149200
0.10905781644610360
0.70453911540577258E-1
0.26970924646580137E-1
0.37942041894765970E-2
3.9306877549811312
3.7348737580641611
3.5041597453158153
3.2238186367114614
2.8765667208136261
2.4774712528953624
2.0099472886511753
1.5061518949184762
1.0138731467679800
0.10959285996804145
0.91032245541869644E-1
0.71704026859478173E-1
0.52610208775357159E-1
0.48310931550857666E-1
5.3696801980197986
5.4595721947661247
5.2233908888317107
4.9918805375466961
4.6156062245356555
4.0231198990841186
3.3473495295436386
2.5323453276842915
1.7252039021357111
0.18926065890143184
0.15633000373830711
0.12349668223690501
0.90291634128855783E-1
0.58603837476509074E-1
0.22160595449126793E-1
0.31207965879480803E-2
11.692306688246704
11.341059791820161
9.0681913031720747
5.7458372305039314
1.8262309636525873
0.28819105358004854
0.15448039217351525
0.26378441209121004E-1
5.9453753093430510
5.2200212697849704
2.2230206321645958
1.8952458392125271
1.5390455572632973
1.1397838100811768
0.76955752145041090
0.84481287689372825E-1
0.70927562332013194E-1
0.56191587291406657E-1
0.65201274212285554E-1
0.10623334637695445E-1
4.6813612873161548
4.1073767523903015
3.1710300481650826
2.0939938531353399
0.67877877497034567
0.97770932518563461E-1
0.50969231127319943E-1
0.79210461393863785E-2
4.0548932755639209
3.4133104484608809
2.8231746129234985
2.3834682573608101
2.2148582528943597
1.9455376154211621
1.5857753534120587
1.1775176205910629
0.87399176972490111
0.12678549302587300
0.55422278004268889E-1
0.82734345661070723E-2
1.8055646119653754
1.4876583458398214
1.1950304310931190
0.78401985266410390
0.29121766646496106
0.21699493103720897E-1
1.5467971723921898
1.4644835361379107
2.9347936488446571
2.3717344767835322
1.6363039822650867
0.51578021102647631
0.10387620706920334
0.19989946017668566E-1
0.38392556701716118
0.38716601230974607
0.42090948162937603
0.43127526490071211
0.80912454238383924
0.52963582977863843
0.21912391481656943
0.19113524165929704E-1
0.37807923598498067
0.28731288189033982
0.14287201806343941
0.70403011070766719E-2
0.32973883762659056
0.16617537192018857E-1
0.27417378193416841
0.24769567951624650E-1
0.15863771914409933
0.44832942490972909E-1
10.360629661132316
9.2233861924161396
12.441834017615484
8.7192407937736771
5.7276559575268120
1.8692621970751739
0.28246101621490949
0.15498236850705915
0.25951115016382167E-1
0.37326966314823345E-2
8.5629486328891939
7.9636258307215160
7.4667156433967898
6.7216116190802166
6.0689924561269217
5.2496915373833133
4.1807859956270628
3.1583318898888657
2.3470202001296898
0.33124733254943278
0.17212634480390276
0.28498347882081172E-1
7.4363366306518683
7.3571253249194717
6.9403603966493916
6.3677336245999134
5.6892052871363656
4.9077296254986340
4.0136869798796067
3.0106150912870833
2.0444061861742449
0.22433733415840096
0.18427163647344869
0.14716032445151403
0.11013938370122381
0.71194967242129731E-1
0.27259216990294828E-1
0.38243045395771327E-2
3.9669221510005768
3.7691854716860060
3.5362592227361591
3.2532181715117856
2.9027277372980058
2.4999865904409169
2.0281762774472814
1.5197905999163648
1.0230409794133819
0.11058069145661580
0.91854291718377459E-1
0.72352968034850210E-1
0.53084092242752096E-1
0.48747529012713925E-1
5.4230339907185838
5.5216231785783965
5.2780517207958280
5.0483438988506100
4.6617635422111059
4.0632855305538795
3.3786492547489209
2.5559170299580813
1.7417024948838695
0.19123386438096532
0.15795644709049639
0.12476888645079055
0.91221775694901974E-1
0.59207927490652200E-1
0.22388883386923453E-1
0.31529455533935722E-2
11.833311114124049
11.477828324105902
9.1775499731541945
5.8151296722328407
1.8482545604855467
0.29166651955408851
0.15634336238020932
0.26696554397339908E-1
6.0157866142471157
5.2982418381839462
2.2543231822064982
1.9230525125941669
1.5586362332076875
1.1571521612327649
0.78284482763823449
0.85818118629755871E-1
0.71976157619761144E-1
0.56943894693312590E-1
0.66095912329521583E-1
0.10769770908269421E-1
4.7520839772935037
4.1694280906338417
3.2189357237242122
2.1256284288496761
0.68903328384482609
0.99247986504557101E-1
0.51739238163770636E-1
0.80407116930640930E-2
4.1240941657022772
3.4715620731769943
2.8713549676094408
2.4241445745452483
2.2526570683537517
1.9787401994684757
1.6128382274652158
1.1976131599704976
0.88890733083301643
0.12894921679806046
0.56368115714598620E-1
0.84146291666965106E-2
1.8402246154275292
1.5162157528002869
1.2179704901774522
0.79907006500635624
0.29680794291423690
0.22116041202369815E-1
1.5802427342931034
1.4961492746296734
2.9982511107541843
2.4230172135712627
1.6716849016928874
0.52693264864599521
0.10612226632996095
0.20422177850557086E-1
0.39402608597345778
0.39709483591014633
0.43139152908532247
0.44215843123488985
0.83017092393562619
0.54332793150878844
0.22495124111508177
0.19605984373431706E-1
0.38905936594251805
0.29565711164555603
0.14702135652880979
0.72447609179209504E-2
0.34000933416786738
0.17135129719134033E-1
0.28333490363116909
0.25597207358960265E-1
0.16474123954223369
0.46557871344453688E-1
10.296452389211474
9.1662533942115818
12.364765056455914
8.6652308440247197
5.6921769040447421
1.8576833498200607
0.28071135639329969
0.15402235488511423
0.25790364963583407E-1
0.37095750361206808E-2
8.4888201331733448
7.8946856022513385
7.4020771114868857
6.6634233703406087
6.0164538593366119
5.2042455380761892
4.1445933934317720
3.1309905598588159
2.3267023057106844
0.32837976100959487
0.17063626606480128
0.28251640834842204E-1
7.3656235319945438
7.2838655763394415
6.8721608339787617
6.3018218784189548
5.6249147376956508
4.8505684704082492
3.9642217650434382
2.9738300902363024
2.0192955849508261
0.22146133636768189
0.18195314382988009
0.14531227243731881
0.10864338163350583
0.70166644519865068E-1
0.26858830060805677E-1
0.37832587906753931E-2
3.9174954799149408
3.7223931130709240
3.4924929742072433
3.2131462902476748
2.8670771568424436
2.4693057223301418
2.0033400228079801
1.5012105453430173
1.0105529294000928
0.10923542460484063
0.90734644767787018E-1
0.71468949706638252E-1
0.52438772519594938E-1
0.48152838686520358E-1
5.3500998846732095
5.4368193725499276
5.2038165500109281
4.9714822007348385
4.5988420065836175
4.0087709551731949
3.3359565308531924
2.5240297403280940
1.7190312861598152
0.18854103025742497
0.15574618806632001
0.12303548287143319
0.89954439285938798E-1
0.58384980968230311E-1
0.22077836524963885E-1
0.31091419476771192E-2
11.641253590964416
11.291540373259402
9.0285961005213746
5.7207487005056556
1.8182569385493110
0.28693270086260764
0.15380587150790795
0.26263262813521947E-1
5.9196549493422577
5.1919445537242330
2.2117181029129931
1.8853033420698233
1.5319044842534761
1.1335648541230927
0.76477673988014250
0.83977509762778874E-1
0.70521680963084865E-1
0.55903959316030420E-1
0.64878102903803733E-1
0.10570407158078709E-1
4.6558401976298445
4.0849848189248714
3.1537427384937535
2.0825781555105389
0.67507831843004018
0.97237920733234881E-1
0.50691365301760397E-1
0.78778634588527463E-2
4.0299751136721547
3.3923349463794414
2.8058256181971775
2.3688213495719626
2.2012474886245501
1.9335818824405344
1.5760304342995330
1.1702815300934122
0.86862090866147457
0.12600636982187038
0.55081696587726235E-1
0.82225925912611311E-2
1.7931124085140941
1.4773986053322634
1.1867888195995007
0.77861280455819859
0.28920926332757246
0.21549841021969530E-1
1.5348156567393667
1.4531396232288889
2.9120606902712605
2.3533629835683136
1.6236291454304901
0.51178496925714145
0.10307158030677480
0.19835103575889745E-1
0.38030254481156595
0.38362866793037281
0.41720506200098612
0.42741492555052418
0.80159782521629674
0.52474719384076884
0.21702781272424362
0.18937854377669983E-1
0.37417701274607129
0.28434741804393282
0.14139738018936740
0.69676385878563772E-2
0.32609664920685422
0.16433985257521381E-1
0.27093325289504844
0.24476810184388655E-1
0.15649520498427108
0.44227442017113837E-1
10.290914929591191
9.1613237586321539
12.358115252753993
8.6605706597121586
5.6891156360889283
1.8566842827484078
0.28056038907540953
0.15393952125091115
0.25776494836360960E-1
0.37075800167494983E-2
8.4824482392292069
7.8887596786729519
7.3965209506093093
6.6584216591069385
6.0119377775596314
5.2003391176187357
4.1414823710364077
3.1286403699060861
2.3249558321019865
0.32813327198311903
0.17050818275365423
0.28230434535695400E-1
7.3597610133594289
7.2776957637592057
6.8664425107334157
6.2962012190487595
5.6192877035722324
4.8455237100625830
3.9597915650800060
2.9705427098304651
2.0170485408429908
0.22120125536986115
0.18174442703127733
0.14514598321707858
0.10850627973704793
0.70071152843466752E-1
0.26821521695038021E-1
0.37797194858014433E-2
3.9132247109509439
3.7183544173083596
3.4887189875868039
3.2096958986863124
2.8640102101326281
2.4666669280470090
2.0012053515847761
1.4996144088508809
1.0094806386090001
0.10912003452382403
0.90638548504003047E-1
0.71393021299895221E-1
0.52383432968752516E-1
0.48101785003390331E-1
5.3437746279896494
5.4294308448468813
5.1974860998516785
4.9648630356600902
4.5934273626914663
4.0041399864778571
3.3322870971171406
2.5213558638602658
1.7170388713525386
0.18830816186369895
0.15555740539235061
0.12288634941437743
0.89845403939426249E-1
0.58314211513364800E-1
0.22051075593820791E-1
0.31053733024350091E-2
11.624745058080112
11.275527770827043
9.0157925931963376
5.7126360718005795
1.8156784572691294
0.28652579984539683
0.15358775846125483
0.26226018719969803E-1
5.9104884999282579
5.1834172009274608
2.2081040830241498
1.8823410562145499
1.5294340677558669
1.1317129854854111
0.76335033286376930
0.83780804719236907E-1
0.70341811028585804E-1
0.55780655919900356E-1
0.64773828440648065E-1
0.10553292524799850E-1
4.6475876963956866
4.0777441618514496
3.1481527129050559
2.0788867747781565
0.67388173856056066
0.97065566007386125E-1
0.50601514590190244E-1
0.78638999044442839E-2
4.0219175752091685
3.3855523066512081
2.8002156461250531
2.3640851245090917
2.1968463109979259
1.9297158758400861
1.5728793166164181
1.1679416673956851
0.86688418667588474
0.12575443249154380
0.54971566158544066E-1
0.82061523269416885E-2
1.7890858631897069
1.4740810149690990
1.1841238115665949
0.77686438112818079
0.28855982595739327
0.21501449515003046E-1
1.5309413130523473
1.4494714548069072
2.9047097592965674
2.3474223763177835
1.6195306093606776
0.51049306761667657
0.10281139614412360
0.19785033713764489E-1
0.37912827796076981
0.38248543519772998
0.41601192859268138
0.42616962497858013
0.79916137783505981
0.52316579865504331
0.21634764568268761
0.18881049601677680E-1
0.37291519070631968
0.28338850470734955
0.14092054075059438
0.69441424997939401E-2
0.32491891092066205
0.16374631891948398E-1
0.26988539521250571
0.24382144013581679E-1
0.15580240146508328
0.44031647344189448E-1
10.356192361100797
9.2194359564574260
12.436505369426690
8.7155064756178788
5.7252028896349820
1.8684616205197624
0.28234004245972777
0.15491599191691413
0.25940000548705343E-1
0.37310979743135843E-2
8.5578089846487799
7.9588459076783051
7.4622339755083642
6.7175771771126387
6.0653497288684157
5.2465405704641386
4.1782766065944772
3.1564361976879152
2.3456114729775170
0.33104851146070868
0.17202303122546994
0.28481242619650394E-1
7.4313188696623707
7.3519785249571656
6.9355554858709176
6.3631404943168741
5.6848028405906135
4.9038378016812088
4.0103538701814534
3.0081325665667791
2.0427131348711436
0.22414488496999729
0.18411598363937293
0.14703621329510733
0.11004025360428665
0.71127499060060329E-1
0.27233016302056146E-1
0.38214652356309046E-2
3.9635075722342363
3.7659505007335996
3.5332315774888507
3.2504434058626011
2.9002576539283198
2.4978605076707852
2.0264544368775450
1.5185020513350376
1.0221746477074758
0.11048730137358165
0.91776595828539323E-1
0.72291652846349294E-1
0.53039286583601290E-1
0.48706268508089207E-1
5.4182165915534339
5.5158043273756210
5.2726975703299006
5.0428367381898314
4.6574631107592968
4.0593741392153611
3.3758070117299077
2.5535904823029449
1.7403136940235584
0.19105006703530913
0.15779835173341658
0.12464878168874254
0.91133963981781044E-1
0.59150788983939113E-1
0.22367331447267661E-1
0.31499104716018462E-2
11.819994799886729
11.464912043341222
9.1672222518433468
5.8085857646739667
1.8461746744519065
0.29133830009045486
0.15616742537303563
0.26666512112135016E-1
6.0091495162115782
5.2908427807488598
2.2513647063466968
1.9204229561965895
1.5567874313220824
1.1555088903358093
0.78158576510959510
0.85691576511703837E-1
0.71876986389564052E-1
0.56872843993913409E-1
0.66011389130612497E-1
0.10755935057687953E-1
4.7453989391683811
4.1635627090709253
3.2144074560971583
2.1226381813804385
0.68806397989439272
0.99108368480802692E-1
0.51666453511533358E-1
0.80294003474569633E-2
4.1175491550450509
3.4660526425352005
2.8667980762998355
2.4202974140688935
2.2490820615941916
1.9755999036427629
1.6102786245650373
1.1957125266240458
0.88749661911795119
0.12874457210172857
0.56278658514239820E-1
0.84012750008215769E-2
1.8369444647613951
1.5135131391791798
1.2157994906803284
0.79764574420114320
0.29627889077380687
0.22076619956357759E-1
1.5770750733326053
1.4931501824361302
2.9922409942149963
2.4181601768214760
1.6683339411812952
0.52587639067770620
0.10590953992230345
0.20381240762790950E-1
0.39307098962644760
0.39615281189659951
0.43039307477111444
0.44112362820548140
0.82817783571585590
0.54203024112269793
0.22440098351977444
0.19559289877292316E-1
0.38801720374949505
0.29486513343210163
0.14662752926880787
0.72253548820971052E-2
0.33903396929692109
0.17085975175691707E-1
0.28246430763025726
0.25518555466533241E-1
0.16416004275003129
0.46393618085510409E-1
10.309415442810611
9.1777935470293563
12.380332079553646
8.6761402182085572
5.6993432552804570
1.8600221406893482
0.28106476708479433
0.15421626633794946
0.25822834582314859E-1
0.37142453262561099E-2
8.5037365765228010
7.9085580401991695
7.4150839442586527
6.6751322504508970
6.0270258931115643
5.2133903700466542
4.1518762185582059
3.1364922953863843
2.3307907564717687
0.32895678561670905
0.17093610587247626
0.28301284247404950E-1
7.3795215618648902
7.2984180163420254
6.8856675759924482
6.3150262131438115
5.6380257334589849
4.8622923196689927
3.9744706159686296
2.9814402379687945
2.0244952719735489
0.22206122576111256
0.18243522882779073
0.14569641488146717
0.10895833119050641
0.70385135899632356E-1
0.26944106214538029E-1
0.37915442143047866E-2
3.9274836939126900
3.7318418589828286
3.5013250250685841
3.2212247730304693
2.8742599095975021
2.4754862060925644
2.0083408383426402
1.5049503613753044
1.0130657290799363
0.10950591954608219
0.90959867857092994E-1
0.71646863610547645E-1
0.52568507727849802E-1
0.48272484722435983E-1
5.3649191481250895
5.4540557461632666
5.2186342606808243
4.9869329401994564
4.6115295484099619
4.0196290745547660
3.3445746895581716
2.5303181814363929
1.7237023343656257
0.18908584367986447
0.15618812355462400
0.12338460054087078
0.90209688287821360E-1
0.58550650480878846E-1
0.22140483191225795E-1
0.31179642513361207E-2
11.679899650944416
11.329025472533443
9.0585687889186772
5.7397401601180329
1.8242930983285954
0.28788524590263381
0.15431646866045040
0.26350450299133431E-1
5.9391921355114814
5.2131497467847003
2.2202710143311344
1.8928031513634318
1.5373249862561922
1.1382579987042398
0.76839003961067032
0.84363840912695942E-1
0.70835447068151161E-1
0.56125509712549718E-1
0.65122692250320316E-1
0.10610472083827458E-1
4.6751590953123623
4.1019350148941456
3.1668288477019164
2.0912195848969328
0.67787948178785351
0.97641398808462260E-1
0.50901703556099610E-1
0.79105517882751969E-2
4.0488376084143622
3.4082129352714330
2.8189584216210100
2.3799087332384126
2.2115505346755322
1.9426321065889232
1.5834071214854359
1.1757590897769445
0.87268653111830119
0.12659614877117109
0.55339509150576303E-1
0.82610788362490438E-2
1.8025384497746373
1.4851650008722237
1.1930275363291265
0.78270581980191933
0.29072957986551673
0.21663124321815507E-1
1.5438853977975837
1.4617267131808642
2.9292690346679309
2.3672697956230606
1.6332237152141429
0.51480927848168445
0.10368066488298355
0.19952315862919980E-1
0.38304617710466932
0.38630611894349470
0.42000734360357933
0.43033593099811551
0.80729642066123219
0.52844802360261511
0.21861545920916081
0.19070832575429089E-1
0.37713090856379933
0.28659220856728501
0.14251364846070322
0.70226424725523678E-2
0.32885370489241444
0.16572929992466883E-1
0.27338626135642163
0.24698421307601311E-1
0.15811704058556469
0.44685792418486921E-1
10.378000603182093
9.2388503979993413
12.462694369233274
8.7338597340794859
5.7372591170811491
1.8723962580698488
0.28293459881601307
0.15524221658870355
0.25994625433202467E-1
0.37389549824702211E-2
8.5830690960325988
7.9823380578858210
7.4842602747318674
6.7374054705493869
6.0832528405185888
5.2620268005760025
4.1906096386432532
3.1657530602251063
2.3525350216541536
0.33202566838112435
0.17253079214150957
0.28565310792031017E-1
7.4561137870754708
7.3773576741080076
6.9592629690920669
6.3857503799994673
5.7063922904633264
4.9228991611129791
4.0266413442821287
3.0202677822429886
2.0509874655964593
0.22508383866113810
0.18487596742927098
0.14764223841674012
0.11052283676561714
0.71455202613001964E-1
0.27360200394465243E-1
0.38354197186187249E-2
3.9802821574724976
3.7818452429914022
3.5481096236884362
3.2640816101187151
2.9123998621594867
2.5083120562519401
2.0349195910015867
1.5248374518417711
1.0264344204377716
0.11094657074000311
0.92158652163935012E-1
0.72593128775488083E-1
0.53259636839284634E-1
0.48909152733400359E-1
5.4419486426740695
5.5443329111492199
5.2989741009986338
5.0698135411445771
4.6786245449771195
4.0785976689697518
3.3898326494092101
2.5650433991213291
1.7471791062589623
0.19195342573723578
0.15857451594021166
0.12523906715676431
0.91565537029289809E-1
0.59431590841697080E-1
0.22473253948337248E-1
0.31648271547155180E-2
11.885441220560361
11.528392397544247
9.2179804707816988
5.8407474664267776
1.8563968045312149
0.29295141830826016
0.15703211264147504
0.26814162580611204E-1
6.0418354174833562
5.3271714021998928
2.2659011077285269
1.9333369363928929
1.5658831534948552
1.1635756608714356
0.78775838303745505
0.86312511867137745E-1
0.72363982076423652E-1
0.57222168421465172E-1
0.66426823576480970E-1
0.10823934872155725E-1
4.7782542630634834
4.1923896218590144
3.2366627816145139
2.1373345147878862
0.69282787123625444
0.99794556847448770E-1
0.52024172237902483E-1
0.80849928387271251E-2
4.1497162782558981
3.4931301437888536
2.8891940802013236
2.4392052648786060
2.2666523435902088
1.9910336879457260
1.6228584454657085
1.2050536736803092
0.89442992143479150
0.12975035062618162
0.56718318728217018E-1
0.84669074530167171E-2
1.8530656013268767
1.5267958227215630
1.2264694211009231
0.80464593186049749
0.29887905237436690
0.22270365718436044E-1
1.5926433505658966
1.5078899854957164
3.0217792439371984
2.4420313219963905
1.6848030907818494
0.53106763970506721
0.10695503807711008
0.20582436515560715E-1
0.39776103695919812
0.40078351784710120
0.43530719989644612
0.44621382118983527
0.83796953335084290
0.54840717900360958
0.22710187045977318
0.19788781613278919E-1
0.39313917714361513
0.29875751113425092
0.14856309308102791
0.73207308929186194E-2
0.34382764857758352
0.17327557709027462E-1
0.28674307359334711
0.25905110240385762E-1
0.16701648253349929
0.47200882595061389E-1
10.380937220491839
9.2414646749721747
12.466220883193927
8.7363311160591852
5.7388825641282191
1.8729260818261193
0.28301465957840644
0.15528614479779407
0.26001981018341298E-1
0.37400129781614646E-2
8.5864705293099490
7.9855014240427717
7.4872262548107882
6.7400754752894319
6.0856636073916937
5.2641121191101456
4.1922703591754757
3.1670076345139120
2.3534673211404162
0.33215724872199431
0.17259916535057870
0.28576631101540215E-1
7.4594766779113240
7.3807902400042691
6.9624719893952411
6.3888013848448999
5.7092908948141998
4.9254540105052884
4.0288176417478265
3.0218900215744240
2.0520932662239053
0.22520903477107820
0.18497740171964955
0.14772313221564420
0.11058698838716739
0.71498630318442988E-1
0.27377041012960845E-1
0.38372987777440704E-2
3.9825396605306200
3.7839847885258568
3.5501126709174464
3.2659182441758534
2.9140353103595351
2.5097198498832278
2.0360599682713221
1.5256910030519120
1.0270083790136040
0.11100846460814320
0.92210134438921024E-1
0.72633747213805000E-1
0.53289333822671557E-1
0.48936490169229664E-1
5.4451547023465716
5.5481614781623447
5.3025053516292058
5.0734294406052580
4.6814788891539658
4.0811862384665849
3.3917318648313364
2.5665890573348418
1.7481109982674619
0.19207507610360666
0.15867887550464474
0.12531855281712256
0.91623651061452968E-1
0.59469398871980966E-1
0.22487517081008518E-1
0.31668357801550337E-2
11.894253993781366
11.536940427517806
9.2248153850214933
5.8450782423658101
1.8577732788027992
0.29316863484792527
0.15714854823452065
0.26834044647212590E-1
6.0462495054654140
5.3320563721460825
2.2678577986765309
1.9350740310024110
1.5671097404667940
1.1646600754041416
0.78858661088224724
0.86395934757962936E-1
0.72429480946916397E-1
0.57269231699923123E-1
0.66482768988910257E-1
0.10833091475951722E-1
4.7826784395976611
4.1962713474361850
3.2396596015280452
2.1393134687500281
0.69346935924450903
0.99886956437829702E-1
0.52072341320030253E-1
0.80924787182192620E-2
4.1540477842284380
3.4967763000718666
2.8922098433463352
2.4417513262149999
2.2690182928516993
1.9931119443210006
1.6245523976729848
1.2063115180327362
0.89536353431020999
0.12988578504651088
0.56777521748339395E-1
0.84757452765551276E-2
1.8552364140184503
1.5285844198154990
1.2279061945120999
0.80558855126903606
0.29922918052939562
0.22296454806978266E-1
1.5947397172622948
1.5098747929206195
3.0257567555179343
2.4452457222154829
1.6870207656230178
0.53176667412041012
0.10709582099612155
0.20609528792326019E-1
0.39839185850938164
0.40140723154784030
0.43597017155020634
0.44690003771966663
0.83928735571334734
0.54926571332568563
0.22746493310858520
0.19819684074413705E-1
0.39382888345451877
0.29928164413676828
0.14882372883724312
0.73335738923720022E-2
0.34447314771962778
0.17360088320457844E-1
0.28731923641035573
0.25957162278135021E-1
0.16740112016183784
0.47309585851539139E-1
10.368094323507746
9.2300314896747491
12.450798153320580
8.7255228626077521
5.7317826389471458
1.8706089695830903
0.28266452470707909
0.15509403074119821
0.25969812365693852E-1
0.37353859776915175E-2
8.5715948228178931
7.9716668717700454
7.4742549437434525
6.7283985721704536
6.0751204458768520
5.2549922617068212
4.1850074234691732
3.1615209242447375
2.3493900359522324
0.33158179997104004
0.17230014440643587
0.28527123265305619E-1
7.4448101449181534
7.3658038327692834
6.9484658486691666
6.3754690846936120
5.6965998311490491
4.9142606977153003
4.0192713961240019
3.0147754177339317
2.0472430575432869
0.22465941696390163
0.18453227196468050
0.14736815542293749
0.11030502910233812
0.71307526048879480E-1
0.27302909670924899E-1
0.38290809678531695E-2
3.9726645871800899
3.7746264602121511
3.5413519835192573
3.2578862505043382
2.9068836126244832
2.5035637742358912
2.0310735098421699
1.5219588698795246
1.0244988441382055
0.11073786497729105
0.91985044294033758E-1
0.72456146392577872E-1
0.53159500927967666E-1
0.48816963575119401E-1
5.4311513232589359
5.5313954009391715
5.2870497686423112
5.0575870476557556
4.6690041074432695
4.0698654813241264
3.3834441110102849
2.5598352722506554
1.7440482718973440
0.19154306752431016
0.15822220481044361
0.12497093307644150
0.91369497234216265E-1
0.59304044197833646E-1
0.22425139207337495E-1
0.31580513295854239E-2
11.855712526956310
11.499556779330851
9.1949238158390152
5.8261381819563232
1.8517534555141013
0.29221866781173739
0.15663933298137797
0.26747093129101972E-1
6.0269673987285417
5.3106805096828182
2.2592992018336004
1.9274738331085419
1.5617485679219363
1.1599143329881068
0.78495929033918310
0.86030763054272277E-1
0.72142893499908947E-1
0.57063449864978577E-1
0.66238107292553070E-1
0.10793046312802330E-1
4.7633299043699768
4.1792951477990590
3.2265534166323819
2.1306587823570515
0.69066389856047650
0.99482859378026950E-1
0.51861680381156156E-1
0.80597402409128271E-2
4.1351045311165420
3.4808303307502237
2.8790208128004564
2.4306164727392137
2.2586711350746018
1.9840229723103837
1.6171441277490088
1.2008105065844206
0.89128050519292434
0.12929348100246135
0.56518605380157842E-1
0.84370942555689627E-2
1.8457426595285125
1.5207622333333783
1.2216226611255803
0.80146613330232130
0.29769794259405447
0.22182357721380989E-1
1.5855715422217938
1.5011945072032107
3.0083616488028460
2.4311879794028850
1.6773220658861454
0.52870954204031717
0.10648012601946152
0.20491044399277437E-1
0.39563182820065229
0.39867977385828052
0.43307286731645500
0.44390029381899998
0.83352287360656396
0.54551075953153383
0.22587606851008135
0.19684536276288512E-1
0.39081254707167046
0.29698941929759098
0.14768387355888818
0.72774068091150711E-2
0.34165014488671602
0.17217820109328253E-1
0.28479946657846583
0.25729519760192013E-1
0.16571895973168538
0.46834186922252274E-1
10.386850683812453
9.2467290418808084
12.473322220806672
8.7413077354639874
5.7421516978127274
1.8739929873907957
0.28317587785504805
0.15537460298822103
0.26016792952731162E-1
0.37421434630199330E-2
8.5933199920766388
7.9918714912887516
7.4931988459101273
6.7454520611468078
6.0905181662173646
5.2683113229432506
4.1956145504395170
3.1695339694964146
2.3553446916774425
0.33242221192195420
0.17273684841285616
0.28599426797403755E-1
7.4662643037973320
7.3877122817538385
6.9689448954151585
6.3949494068563615
5.7151222135440936
4.9305909292080194
4.0331889774871685
3.0251489697814984
2.0543145233162199
0.22546033035125460
0.18518106915702431
0.14788556233076575
0.11071562628013175
0.71585622632417717E-1
0.27410766036648323E-1
0.38410826372133012E-2
3.9870847422330886
3.7882926783626338
3.5541459597186651
3.2696167794061459
2.9173288873724101
2.5125550013509450
2.0383566656199297
1.5274100920604046
1.0281643897073838
0.11113313313235393
0.92313827756826949E-1
0.72715555423873673E-1
0.53349151227654198E-1
0.48991551165380218E-1
5.4516179114982233
5.5558620971823212
5.3096113621011369
5.0806992504688120
4.6872300080858498
4.0863988382566783
3.3955636110674963
2.5697039291932464
1.7499926697072019
0.19232004844535358
0.15888891670424860
0.12547861301137503
0.91740675229521812E-1
0.59545530303785600E-1
0.22516238736911248E-1
0.31708805471806862E-2
11.912000266345482
11.554153586871029
9.2385788449460762
5.8537991215148359
1.8605450836579167
0.29360604357519643
0.15738301447103137
0.26874081144714328E-1
6.0551473401624545
5.3418882422595955
2.2717974601162876
1.9385706775298455
1.5695810106058181
1.1668424404111162
0.79025227902709061
0.86563786153121755E-1
0.72561319502589414E-1
0.57364020700280446E-1
0.66595429491807828E-1
0.10851530119798603E-1
4.7915873994311147
4.2040879743235502
3.2456942947712957
2.1432984863515596
0.69476112300100379
0.10007302139996953
0.52169339352223516E-1
0.81075530262172228E-2
4.1627701334452096
3.5041185613087156
2.8982826825557515
2.4468783273652095
2.2737826024979766
1.9972969270918997
1.6279635075276297
1.2088444379390608
0.89724354961765718
0.13015850920239844
0.56896738810365520E-1
0.84935419929181889E-2
1.8596077773503126
1.5321861159831394
1.2307994236839177
0.80748670302316095
0.29993423324273483
0.22348990378314233E-1
1.5989611687686109
1.5138715976342221
3.0337662665842631
2.4517185567010249
1.6914864952183475
0.53317431901893186
0.10737931541842161
0.20664084482776988E-1
0.39966167030399802
0.40266330783691562
0.43730601709735889
0.44828238804663351
0.84194060091419354
0.55099443797686898
0.22819562062652740
0.19881912297765734E-1
0.39521774455238484
0.30033709010634146
0.14934857072134150
0.73594358393445488E-2
0.34577298869219697
0.17425595179949595E-1
0.28847945489499544
0.26061979414154668E-1
0.16817566456684346
0.47528481489686712E-1
10.395822487025240
9.2547160473602474
12.484096246137485
8.7488581754589720
5.7471115703110431
1.8756116778694425
0.28342047540709364
0.15550881020893789
0.26039265360750227E-1
0.37453757974171683E-2
8.6037118772925076
8.0015360459979927
7.5022603567555484
6.7536093232542607
6.0978834180346890
5.2746822816181247
4.2006882989858765
3.1733668807843887
2.3581930054493356
0.33282420945872498
0.17294573874894423
0.28634012028815162E-1
7.4766286921160381
7.3982660563071869
6.9788181338054178
6.4043113869662021
5.7239773827347262
4.9383843315497185
4.0398094981655346
3.0300860276237551
2.0576790267413552
0.22584047706489871
0.18548933831816661
0.14813142898725595
0.11090989385098944
0.71716767256459091E-1
0.27461584030929784E-1
0.38468379206226060E-2
3.9940020730402535
3.7948497855940966
3.5602856989891856
3.2752477996153027
2.9223438307844538
2.5168720322097600
2.0418540498738453
1.5300280408170110
1.0299249302891880
0.11132301727312414
0.92471754264258813E-1
0.72840141075043691E-1
0.53440262008418178E-1
0.49075407674183086E-1
5.4614856154204716
5.5675678546268204
5.3204232034528145
5.0917411827749257
4.6960016109730160
4.0943402737903964
3.4014226353744852
2.5744564204406966
1.7528743787021575
0.19269328064447466
0.15920860174138113
0.12572246593800598
0.91918962442050930E-1
0.59661509636647701E-1
0.22559996398722658E-1
0.31770427805913877E-2
11.939077199272530
11.580417105566914
9.2595788763541211
5.8671052768739411
1.8647742520017330
0.29427343368358344
0.15774075869797946
0.26935168088666757E-1
6.0687805466940947
5.3568894182998470
2.2778146254719589
1.9439075718667025
1.5733622237196887
1.1701713439321497
0.79278833387574443
0.86819671884408700E-1
0.72762518419670338E-1
0.57508921443815898E-1
0.66767575636550627E-1
0.10879702274099118E-1
4.8052113124755991
4.2160414511609643
3.2549227723414198
2.1493925236240288
0.69673653622785581
0.10035755886699221
0.52317672354144175E-1
0.81306052192015015E-2
4.1761297321983539
3.5153643463176958
2.9075841554862509
2.4547311060686807
2.2810798642365473
2.0037068619865637
1.6331881388543974
1.2127239883653702
0.90012307777378397
0.13057622754895828
0.57079337795296704E-1
0.85208003591937392E-2
1.8663146413931315
1.5377121005984737
1.2352384266280709
0.81039898570960844
0.30101597647302636
0.22429594278656702E-1
1.6054495311096690
1.5200146783138186
3.0460768687303035
2.4616672900817256
1.6983503124831751
0.53533786635223324
0.10781504576633621
0.20747936467546420E-1
0.40161842341445281
0.40460085202738721
0.43936903209807648
0.45041608780767245
0.84603102755515414
0.55366020822853168
0.22932111858126220
0.19977883804993220E-1
0.39736464259587262
0.30196859487743877
0.15015986947122087
0.73994132025851792E-2
0.34778601790233427
0.17527043914374863E-1
0.29027931177979266
0.26224583136132316E-1
0.16938063523172509
0.47869020806650002E-1
10.320602949563852
9.1877530474352547
12.393766890626663
8.6855553376032244
5.7055280328278544
1.8620405878433672
0.28136977118491058
0.15438361777806614
0.25850856843895067E-1
0.37182759276904198E-2
8.5166099176248924
7.9205303731096519
7.4263092337600503
6.6852373676059695
6.0361498775453457
5.2212826362202405
4.1581615165909236
3.1412404593045928
2.3343192129538877
0.32945477527936906
0.17119487668196195
0.28344128011727331E-1
7.3916900794898552
7.3110863237435773
6.8974446465847414
6.3264684859315290
5.6492791420183508
4.8723245100399390
3.9831934942457257
2.9879224604863661
2.0289221454887301
0.22256999079621406
0.18284476408991304
0.14602280270990195
0.10922413698855328
0.70568646097700569E-1
0.27015639409034620E-1
0.37986947851250349E-2
3.9360942977626427
3.7399906861743282
3.5089446012701955
3.2281979478372658
2.8804619426344726
2.4808232757232589
2.0126602887388483
1.5081812285703837
1.0152369389958842
0.10973973365704927
0.91154505726184623E-1
0.71800575708820910E-1
0.52680659409727860E-1
0.48375873210168098E-1
5.3777214891347480
5.4688669116767947
5.2314205540566165
5.0002195954928332
4.6224921492766571
4.0290183439272766
3.3520425712466246
2.5357763657001153
1.7277409438056281
0.18955568481335744
0.15656952722792425
0.12368589963329835
0.90429975885221253E-1
0.58693628273679563E-1
0.22194549156201820E-1
0.31255781658362371E-2
11.713252367856834
11.361376245294442
9.0844361242107272
5.7561303633245968
1.8295024865161824
0.28870732103998964
0.15475712942363942
0.26425695732365445E-1
5.9558277182007462
5.2316142868926203
2.2276617682517861
1.8993675806459676
1.5419521998645522
1.1423577016614401
0.77152524515786736
0.84679354729834261E-1
0.71082986725582553E-1
0.56303166931853880E-1
0.65333942005454088E-1
0.10645049324749477E-1
4.6918318874624134
4.1165635459285062
3.1781225551621533
2.0986773994372050
0.68029697036358272
0.97989612572825097E-1
0.51083231822020084E-1
0.79387628037870285E-2
4.0651165110431009
3.4219161192163732
2.8302924275995816
2.3894774801926402
2.2204423745798296
1.9504427233548074
1.5897734253102045
1.1804863892116162
0.87619528608440889
0.12710514581633200
0.55562009178513283E-1
0.82942936279967201E-2
1.8106734080583635
1.4918676347761253
1.1984117372822811
0.78623821557040596
0.29204165895284323
0.21760891230851578E-1
1.5517128582460802
1.4691376311481277
2.9441203555914770
2.3792717944259465
1.6415041187030430
0.51741934867962980
0.10420632326721536
0.20053473606555426E-1
0.38540872663324349
0.38861801003163116
0.42243496823558369
0.43286262539872372
0.81220942254576023
0.53164077685547595
0.21998104633091684
0.19185596423636438E-1
0.37968021204160851
0.28852952912436780
0.14347702083990263
0.70701126198308931E-2
0.33123312721489334
0.16692843494994874E-1
0.27550328174189670
0.24889678399811498E-1
0.15951673369053901
0.45081362657512634E-1
10.237078305663584
9.1133965582571612
12.293464130101775
8.6152631346966047
5.6593531921200171
1.8469710926028748
0.27909264551140400
0.15313419109612086
0.25641645848863574E-1
0.36881839190838475E-2
8.4204218765850900
7.8310745558355723
7.3424352340981782
6.6097331596528317
5.9679765741112911
5.1623125820143034
4.1111985331413408
3.1057627552488758
2.3079550147074777
0.32573385700885515
0.16926137262537594
0.28024004608777138E-1
7.3060959645758752
7.2198161766768987
6.8131618112120140
6.2424734657798631
5.5634496672585509
4.7948875938246447
3.9144389047658459
2.9369858128838682
1.9940709597751534
0.21850501997685579
0.17959334875045199
0.14343320958197495
0.10706069014985921
0.69047809287831552E-1
0.26420040819755380E-1
0.37453332002221778E-2
3.8715635395030761
3.6790199951915037
3.4520124770666132
3.1762078925416435
2.8342827090520171
2.4410982207038088
1.9805418076183141
1.4841754426331033
0.99911587573958904
0.10800640410941142
0.89710287679809375E-1
0.70658786575451951E-1
0.51849530740187201E-1
0.47608436686417829E-1
5.2820193700745923
5.3569374258696234
5.1364477470675700
4.9003490077347784
4.5403339768232911
3.9610580148128722
3.2958805651142549
2.4959678921352859
1.6974908490718945
0.18605657893405367
0.15372464146694362
0.12143761977754153
0.88787746417437752E-1
0.57627158505951348E-1
0.21791271724227804E-1
0.30687860621858559E-2
11.464646710584162
11.120238914664185
8.8916252683797214
5.6339604887773342
1.7906725651708131
0.28257970839642194
0.15147251669015355
0.25864828669135389E-1
5.8217323980960467
5.1007700553372493
2.1730798253532742
1.8536511164999430
1.5054977648317889
1.1137661848906990
0.74949950311765423
0.81865336164607866E-1
0.68588702067606255E-1
0.54580776589358095E-1
0.63763549423168739E-1
0.10387455153800745E-1
4.5676783360317392
4.0076325364260539
3.0940242303351915
2.0431429602890998
0.66229519900347367
0.95396647032703841E-1
0.49731485893908751E-1
0.77286901456660711E-2
3.9439725695849286
3.3199400983827769
2.7459472977054684
2.3182690119507785
2.1542712967505446
1.8923178655669102
1.5423968204221641
1.1453068873109127
0.85008391875828526
0.12331730399138637
0.53906213884839613E-1
0.80471165990044814E-2
1.7501765001897465
1.4420224343929131
1.1583712727035367
0.75996899403190998
0.28228417466172878
0.21033832101318380E-1
1.4935512665303372
1.4140711395462904
2.8337682855071527
2.2900914838080402
1.5799769541607382
0.49802533983075953
0.10030044235899302
0.19301825556345135E-1
0.36771522448741611
0.37149830815303514
0.40470162266666310
0.41429017292380987
0.77559715144345331
0.50791273119444469
0.20970666450020306
0.18333972285815934E-1
0.36078232761449708
0.27416815366082786
0.13633552848704780
0.67182211886841906E-2
0.31360637031618516
0.15804524453030322E-1
0.25983174585314972
0.23473871350850679E-1
0.14917044677351451
0.42157376553522322E-1
10.257060044630702
9.1311849843777448
12.317459725711650
8.6320792548776240
5.6703996757778690
1.8505761929205882
0.27963740605965204
0.15343309351164022
0.25691695741883912E-1
0.36953828801676056E-2
8.4434917950740171
7.8525298052674577
7.3625517300224379
6.6278422291818506
5.9843273858789798
5.1764560693866652
4.1224622223532918
3.1142717937103308
2.3142782530019232
0.32662628896065249
0.16972510783093012
0.28100783600558486E-1
7.3251411182192721
7.2407408741298100
6.8323267939195276
6.2621643746513511
5.5844514473382771
4.8140783692981808
3.9318483504564159
2.9498435987288549
2.0028850134627274
0.21954828280882577
0.18042260851577979
0.14409324669918142
0.10762590498800917
0.69451849344822097E-1
0.26578943931149759E-1
0.37580809064592510E-2
3.8870466414281712
3.6936221124906243
3.4656261330425275
3.1886094171064303
2.8452814897468519
2.4505560202957453
1.9881798773657438
1.4898792820623070
1.0029432024703155
0.10841717540713627
0.90052902271091681E-1
0.70929993629784860E-1
0.52046417669401018E-1
0.47790576473235938E-1
5.3051767038583018
5.3838919645619612
5.1587725502358230
4.9241222375087839
4.5603967371791034
3.9759320419535857
3.3100248777508678
2.5051855182111038
1.7048995953598203
0.18688246057891036
0.15440322709615928
0.12197457824517773
0.89178784340199352E-1
0.57881541676024190E-1
0.21887464785361566E-1
0.30823325834271132E-2
11.523815296061214
11.177630025211018
8.9375145925781148
5.6630371346757897
1.7999141550259898
0.28403809102716604
0.15225426032146244
0.25998316020694696E-1
5.8544840951707595
5.1312719073502002
2.1860057608764514
1.8642383170839842
1.5143313364729964
1.1203895676216391
0.75461275625085866
0.82572761534201941E-1
0.69236251630482235E-1
0.55023873452994629E-1
0.64136384747426819E-1
0.10448657190092536E-1
4.5971336075034941
4.0334762792720147
3.1139764504654490
2.0563184350321841
0.66656609626154006
0.96011824794604794E-1
0.50052185888508516E-1
0.77785296154391217E-2
3.9726554484516412
3.3440846475667683
2.7659174350035460
2.3351288222250766
2.1699384195716438
1.9060799095866747
1.5536140336212985
1.1536362299050495
0.85626622698636978
0.12421413966408648
0.54298251449944865E-1
0.81056399448349147E-2
1.7644683963198804
1.4537979523749178
1.1678305026199565
0.76617488122308697
0.28458929994652643
0.21205593831394250E-1
1.5072543755727537
1.4270450303347542
2.8597676848498037
2.3111027299721121
1.5944730059351546
0.50259464768815976
0.10122068388631653
0.19478916913196073E-1
0.37191166369394191
0.37550421885722501
0.40878220124396036
0.41859697150019870
0.78422967798630461
0.51348916986486237
0.21215672201763486
0.18533754435477008E-1
0.36520068666475664
0.27752589618766665
0.13800523683007632
0.68004932144216821E-2
0.31771846217218774
0.16011757667794984E-1
0.26347900966208038
0.23803374588233537E-1
0.15156674377172316
0.42834599133950317E-1
10.206231125190778
9.0859353452079965
12.256420483923215
8.5893029369915936
5.6422999779055578
1.8414056520620854
0.27825166130207540
0.15267275494331878
0.25564380397383922E-1
0.36770703892688088E-2
8.3848060411694689
7.7979514811730439
7.3113789558403521
6.5817759893583139
5.9427338398940304
5.1404775625841861
4.0938094079331986
3.0926263190046894
2.2981930636846837
0.32435610140342835
0.16854544825982706
0.27905471553015607E-1
7.2798293877235869
7.1894781766047959
6.7857425561551876
6.2129135449293962
5.5299162733174869
4.7637166229213719
3.8853635659854762
2.9155963806894105
1.9793731780018846
0.21673323621003360
0.17819583716363105
0.14232177588878367
0.10608003867486832
0.68333084795740295E-1
0.26137602447840181E-1
0.37256540679010235E-2
3.8474851192192134
3.6563720976360075
3.4309457052536283
3.1570856267415950
2.8173611558894902
2.4265559817569358
1.9688174530127540
1.4754313925200124
0.99325555991315984
0.10737913013491825
0.89186275518161579E-1
0.70243217006809799E-1
0.51549048233033891E-1
0.47329681776957407E-1
5.2461970773340099
5.3147778698875090
5.1021315585622675
4.8633573147196278
4.5092230578266115
3.9388643695822445
3.2738839067213559
2.4820784491930805
1.6860091950844760
0.18478357815018778
0.15267710391528433
0.12060838439282114
0.88184427051669956E-1
0.57234465363496460E-1
0.21642777798909735E-1
0.30478741992114376E-2
11.373310466237136
11.031646489241306
8.8207877032408710
5.5890760012885581
1.7764066823148705
0.28032845984553723
0.15026576944834813
0.25658769435828430E-1
5.7711086089889960
5.0537061605341576
2.1531323536935947
1.8372938939600385
1.4918604455532825
1.1035448285090297
0.74163691121731534
0.80783134959972303E-1
0.67599725424228499E-1
0.53902090847195508E-1
0.63187907254651426E-1
0.10292982162527182E-1
4.5222113330991824
3.9677402701846014
3.0632260877329989
2.0228053664103238
0.65570266434144009
0.94447061858069975E-1
0.49236455060160694E-1
0.76517582008866344E-2
3.8996990516458885
3.2826717287607852
2.7151223503206507
2.2922450163784855
2.1300882764025402
1.8710754336053816
1.5250824674206507
1.1324501130493205
0.84054120390345166
0.12193299140448841
0.53301083477528662E-1
0.79567827655871084E-2
1.7281168814075429
1.4238468588583060
1.1437709002946248
0.75039017367132288
0.27872620134840204
0.20768716944284987E-1
1.4724012247559732
1.3940466085217844
2.7936395541000425
2.2576617094607720
1.5576030461926091
0.49097284891320153
0.98880097042820497E-1
0.19028494184341712E-1
0.36114040461180147
0.36533748985972897
0.39857417182719207
0.40775057319168301
0.76218013645386706
0.49928448030972478
0.20583991802189808
0.18025630604974412E-1
0.35396357788508720
0.26898617019127274
0.13375867547874712
0.65912544472145887E-2
0.30726043109235079
0.15484714139421532E-1
0.25420333278149226
0.22965385969590902E-1
0.14547275865213011
0.41112365065775230E-1
10.252008107456311
9.1266875774533318
12.311392974380214
8.6278276738309838
5.6676068186832378
1.8496647236864818
0.27949967550129745
0.15335752270036285
0.25679041742372666E-1
0.36935627833694297E-2
8.4376596712647842
7.8471058731844376
7.3574662376356947
6.6232642184006707
5.9801938663497971
5.1728805660969792
4.1196147380821895
3.1121206909299479
2.3126797250909470
0.32640068029035330
0.16960787459775722
0.28081373710305432E-1
7.3202129173871189
7.2353795458060279
6.8274031187875073
6.2571555406772994
5.5791813368901764
4.8092817494468267
3.9275256703969550
2.9466480425542203
2.0006957181547671
0.21929030522962970
0.18021715984199346
0.14392969063671082
0.10748688531193415
0.69352965509887066E-1
0.26540102842499590E-1
0.37548577512671820E-2
3.8831380608880655
3.6899337718931942
3.4621857540437753
3.1854729088760076
2.8424984058753702
2.4481625554712849
1.9862462182837199
1.4884348915709016
1.0019737532408017
0.10831306810794686
0.89966098021600091E-1
0.70861308605548193E-1
0.51996511671420810E-1
0.47744436307003986E-1
5.2993648561655071
5.3770859999977842
5.1530875929992455
4.9180895868641707
4.5553836584355958
3.9720170646827841
3.3065477538296819
2.5028316482066955
1.7030517664842515
0.18667246864618292
0.15423164171062878
0.12183888574898855
0.89079826098792766E-1
0.57817219013665613E-1
0.21863141659775962E-1
0.30789072455335519E-2
11.508852761305571
11.163116977800836
8.9259101135679213
5.6556842408838328
1.7975771444604913
0.28366929564996374
0.15205657321843039
0.25964559777900631E-1
5.8462101341795751
5.1235555119792764
2.1827361291236627
1.8615627537485158
1.5120975605539173
1.1187141832481464
0.75331564561491826
0.82392569825603362E-1
0.69071097524378747E-1
0.54911121343760583E-1
0.64042112042249411E-1
0.10433179366285057E-1
4.5896840212025731
4.0269400912469129
3.1089302981698284
2.0529862017425220
0.66548593586523064
0.95856239067544591E-1
0.49971077069370089E-1
0.77659246244573717E-2
3.9654006170552440
3.3379777071063681
2.7608663388519465
2.3308644287698841
2.1659756954998408
1.9025990418015006
1.5507768361811347
1.1515294687098396
0.85470252049638540
0.12398730080227109
0.54199092420298314E-1
0.80908374904255839E-2
1.7608531886583019
1.4508192753372473
1.1654377424043003
0.76460507056142590
0.28400620680656657
0.21162145830031641E-1
1.5037877266138624
1.4237628609485675
2.8531902876778186
2.3057872490535685
1.5908057562156741
0.50143869203768088
0.10098787873802867
0.19434115870895698E-1
0.37085338729123540
0.37448983287881438
0.40774357206669332
0.41750337109697755
0.78204879793120496
0.51207896571590883
0.21153986711618658
0.18483204391418321E-1
0.36408256911606429
0.27667618218072854
0.13758269868994683
0.67796732512041555E-2
0.31667775685292454
0.15959310223407578E-1
0.26255585516490765
0.23719974425438033E-1
0.15096009982761660
0.42663154201399808E-1

