# skin_temperature
# rank
1
# size
32
# lbound
1
# entries
274.62998347004117
274.17613904456118
274.88981539154929
274.88981539154929
274.19195737738283
274.64812559127091
274.00884326666937
273.97875146089171
274.19195737738283
273.97875146089171
274.00884326666943
274.64812559127085
275.76564930736021
275.46850046209983
276.46246506457271
275.46850046209977
273.30829587096434
273.23367590473384
273.23367590473384
273.50745033917934
273.51828542846397
273.65147540946828
273.67591626938236
273.31579072073754
273.14999999999998
273.15856389421913
273.14999999999998
273.15856389421918
273.51828542846403
273.31579072073754
273.67591626938241
273.65147540946833
# spectral_solar_scaling
# rank
1
# size
14
# lbound
1
# entries
1.0029448019710816
1.0029448019710816
1.0029448019710816
1.0508855633974039
1.0434637718982109
1.0347381517792149
1.0261128269796205
1.0083607039962115
0.98702806802258103
1.0015707676200860
1.0020120630635665
0.90855766671970495
0.92484549039545549
1.0029448019710816
# cos_sza
# rank
1
# size
32
# lbound
1
# entries
-0.10000000000000001E-8
-0.10000000000000001E-8
-0.10000000000000001E-8
-0.10000000000000001E-8
0.10273303778309468E-1
0.97586357285143147E-2
0.21728951962256753E-1
-0.10000000000000001E-8
-0.10000000000000001E-8
-0.10000000000000001E-8
-0.10000000000000001E-8
-0.10000000000000001E-8
-0.10000000000000001E-8
-0.10000000000000001E-8
-0.10000000000000001E-8
-0.10000000000000001E-8
-0.10000000000000001E-8
0.10000000000000000E-2
-0.10000000000000001E-8
-0.10000000000000001E-8
0.11234429220382293E-1
-0.10000000000000001E-8
0.21810565479189980E-1
0.11771723430141968E-1
-0.10000000000000001E-8
0.10000000000000000E-2
-0.10000000000000001E-8
-0.10000000000000001E-8
-0.10000000000000001E-8
-0.10000000000000001E-8
-0.10000000000000001E-8
-0.10000000000000001E-8


