# skin_temperature
# rank
1
# size
32
# lbound
1
# entries
275.84852769776501
275.59234149947270
276.55057332598432
275.50950111359697
274.70310228446539
274.92720921019747
274.24006420269865
275.00303209599372
276.66186866381855
275.95363383854021
277.07528526205073
276.94151901525612
276.48441483398005
276.85335147800703
276.80956760686314
275.78626875780355
275.84852769776501
276.55057332598443
275.59234149947270
275.50950111359703
276.48441483398011
275.78626875780355
276.80956760686325
276.85335147800708
276.66186866381861
276.94151901525618
277.07528526205061
275.95363383854033
274.70310228446539
275.00303209599366
274.24006420269859
274.92720921019747
# spectral_solar_scaling
# rank
1
# size
14
# lbound
1
# entries
1.0029448019710816
1.0029448019710816
1.0029448019710816
1.0508855633974039
1.0434637718982109
1.0347381517792149
1.0261128269796205
1.0083607039962115
0.98702806802258103
1.0015707676200860
1.0020120630635665
0.90855766671970495
0.92484549039545549
1.0029448019710816
# cos_sza
# rank
1
# size
32
# lbound
1
# entries
-0.10000000000000001E-8
-0.10000000000000001E-8
-0.10000000000000001E-8
-0.10000000000000001E-8
-0.10000000000000001E-8
-0.10000000000000001E-8
-0.10000000000000001E-8
-0.10000000000000001E-8
-0.10000000000000001E-8
-0.10000000000000001E-8
-0.10000000000000001E-8
-0.10000000000000001E-8
-0.10000000000000001E-8
-0.10000000000000001E-8
-0.10000000000000001E-8
-0.10000000000000001E-8
0.30714332852941853E-1
0.30677689316163582E-1
0.42433648201966129E-1
0.20223697755885842E-1
0.84869592025639731E-2
0.89934376187514528E-2
-0.10000000000000001E-8
0.18968711271986745E-1
0.52161235647721904E-1
0.40612657484222631E-1
0.62179228792074701E-1
0.52364299833292417E-1
0.32104975968777025E-1
0.42594281780160288E-1
0.32228902512813372E-1
0.20235612629431705E-1


