# skin_temperature
# rank
1
# size
32
# lbound
1
# entries
273.44785549709383
273.69833826018765
273.38344152768258
273.31500090927483
273.82180337270290
273.91995721501161
274.07410973058251
273.54449291670420
273.17117454886755
273.23557637873841
273.14999999999998
273.19538970333946
273.61025855132658
273.38167135994911
273.72641111901441
273.80616679035529
274.93120924901325
275.11936143996252
275.27933889865926
274.44225528928570
274.32241266631132
274.16629674747327
274.07043148284174
274.79655715204700
276.10362353347580
275.71869580765116
276.81985258264308
275.89107246991915
274.60415628761632
275.11083738850709
274.47858346623718
274.30054921381196
# spectral_solar_scaling
# rank
1
# size
14
# lbound
1
# entries
1.0029448019710816
1.0029448019710816
1.0029448019710816
1.0508855633974039
1.0434637718982109
1.0347381517792149
1.0261128269796205
1.0083607039962115
0.98702806802258103
1.0015707676200860
1.0020120630635665
0.90855766671970495
0.92484549039545549
1.0029448019710816
# cos_sza
# rank
1
# size
32
# lbound
1
# entries
0.78996893087854986E-1
0.78941367381573785E-1
0.96589204082539598E-1
0.68616743632542013E-1
0.11002804078438949
0.89889132456020260E-1
0.12468477761939530
0.11135801882983891
0.83064345408095347E-1
0.97856047031237112E-1
0.84250901072559781E-1
0.68653243006034828E-1
0.56515645440057549E-1
0.56379268633117367E-1
0.44435780349686212E-1
0.66416919850610642E-1
0.76509750727264486E-1
0.64284302147802883E-1
0.86443400506842016E-1
0.76414430041148576E-1
0.54661379414180963E-1
0.66527975501759623E-1
0.44187282600096689E-1
0.54369763147590434E-1
0.73919931503023339E-1
0.64548743388283467E-1
0.74167828494678067E-1
0.86532978211560904E-1
0.10278070538049225
0.10150916169068502
0.12330125949594171
0.88706004711462047E-1


